     100 0 0 600 400
     154     400      74       0
       0     241     378       0
     600     389     207     400
     257     400     600     141
     468       0     600       5
     152     400     600     395
     600     206     504     400
     580       0     600      26
      70     400     600     364
     600     204     462     400
       0     150     489     400
     309       0      18     400
     135       0     350     400
     600     263       0     158
     600      40     423     400
       0     256      20       0
       0       2     600     162
     600     344     459       0
       0     148     293       0
     489       0     261     400
     600     158     216       0
     318       0       0     187
     429       0     279     400
      47     400       0     136
       0      30     288     400
       0      50      24       0
     279       0     600     192
     402     400     600     313
       0     251     600     163
     352     400     221       0
       0     172     600      48
     159       0     600     283
      30     400     572       0
     600      32       0     254
       0     257      51     400
     217       0       0      66
     600     166     276       0
       0     167     230     400
     176       0       0     212
       0      53     600      26
     600     178     453     400
     600     139     467       0
     410     400     392       0
     576     400     308       0
     600     382       5       0
     164       0     600     275
     600     199       0      70
     600      87       0     259
       0     259     319       0
     225     400     600      37
     600      11       0     254
     558     400     325       0
     575     400     312       0
       0     117     600     100
     372     400       0     285
       0     366     181     400
     600     272       0     152
     600     138     405       0
     600      80       0     237
       0     280     600     254
     239       0     311     400
      38       0     343     400
      70     400       0     330
      87       0     600     201
     378     400     600     302
     491       0       0     157
       0     150     362       0
     326     400     444       0
       0     160     600      65
     600      85       0     374
     290       0     114     400
       0     383     600      96
     236     400     600     318
       0      30     557     400
     160       0     600     221
       0     135     333       0
       0     252      40       0
     600       1      27     400
       0     149     423     400
     204       0     600     123
       0     185     230       0
     221     400     184       0
     457     400     600     209
     139       0     600     158
     600     272     353     400
      57       0       0      84
     600     268       0     264
       0     253     600     155
       0      90     211       0
     343     400     392       0
     495     400      42       0
     384     400       0     331
     472       0       0     266
      26       0     600     200
     600     333       0     117
     211     400     600     166
     342       0     514     400
      44     400     600      22
     439     400       0     168
     393       0     158     400
