      20 0 0 600 400
       0     279     600     122
     532     400      84       0
       0     237     464     400
     600     223     408     400
     600     399     405       0
     463       0     600     229
     600     135     423     400
     600      79     548     400
     600     275      56     400
     526       0     326     400
      93     400     600      32
      35       0     600     152
       0     296     204     400
       0      37      36       0
       0     228     219     400
     188     400     600     127
     177     400     600     289
     325     400     600      44
     242       0     329     400
     553     400     600     110
