      40 0 0 600 400
     566     400     600       9
     600     255       0     231
       0     295     358     400
     184       0     171     400
     600     234       0     206
     556       0     551     400
       0     386     596     400
     207     400       0      30
     600     244     458     400
     600      17     295       0
     328       0     600     179
     239       0       0     137
       0     240     187       0
     600     241       0     142
      67     400     600     124
     600     160     217     400
      57     400     600     280
     600     275       0     165
       0     190     577       0
       0     303     470       0
     600     230     527     400
      89     400     277       0
       0      22     600     383
     220       0       0     376
     485     400     600     141
       0     209     600     203
     600     397     362       0
      37       0       0     294
       0     346     480       0
      86     400       0     127
     600     128     173     400
     237     400     600       1
     600      74     360     400
       0     139     541       0
     260     400     243       0
     428       0     445     400
       0     180     600      94
     184     400     376       0
     600      94     254       0
     555     400     548       0
