      60 0 0 600 400
     600     151     107     400
       0     173      46     400
     600      49     191     400
     436     400     431       0
       0     266     600     194
     547       0       0      74
     245       0     600     255
       0      39      96       0
     600     274     158       0
     405       0     600       8
     212     400       0     317
       0     314     440       0
     152       0     600     111
     555       0       0      76
     600     386     198     400
     600     195     344       0
       0     313     246       0
     427     400     393       0
     328       0     600      84
     600     255     427     400
       0     137     437       0
     600     327     543       0
     236       0     138     400
     284       0       0     257
     600      37     518     400
     360     400       0     131
     600      27     565     400
       0     164     600     315
      45       0     126     400
     600      31     140       0
      44     400       0     366
       0     126     600      47
      54     400      35       0
     600     323       0     179
     395       0     124     400
       0     166     423     400
       0       5     408       0
     600      34     212       0
      49     400       0     182
       0       4     462     400
     600     394     112       0
     438       0       0       9
      35       0     600     257
     336       0     600     173
     499     400     178       0
       0     307     587     400
       0     350      41     400
     457       0       0       3
     448     400     600     216
       0     380     122       0
     356     400     600     261
      32       0      40     400
       0     312     171       0
       0     320     600      67
       0     375     369     400
     600     151     479       0
     520       0       0     164
      50       0     600     138
       0     366     600     343
     236     400       0     113
