      60 0 0 600 400
       0     313     144       0
     317     400     353       0
      89       0       0     315
     498     400     600     135
     534       0     474     400
     600     119       0      11
       0     194     600     252
     555     400       0      44
       0     113     600      27
     258     400     600      50
     355       0     163     400
     600     224       0     103
       0      47     306       0
      48       0     600      84
     103       0     600      46
     600     323       0      81
       0     151     600     234
     600     243     507       0
       0      14     278     400
     260     400     119       0
     413       0     382     400
     320     400     488       0
       0     119     600      33
     378       0       0     399
     600      53     424     400
     323       0     600     110
     555     400       0     279
     386     400     600     142
     159     400       0     391
      21     400     497       0
     166       0      68     400
     116     400       0     390
     600     252     486     400
     431       0     600     383
     186     400     600     221
     600      83       0     275
       0     392     300     400
       0      99     501     400
      42     400       0     203
       0     179     161     400
       0     355      53       0
       0     350     420       0
      53     400     600     292
     524     400     544       0
       0     171     224     400
     600     114     542     400
       0     306     401     400
       0     304     600     124
     461       0       0     119
     236       0       0      94
     580     400     323       0
       0     284     600     211
     307     400     216       0
     282     400       0     154
     600     305       0     355
     229       0       0     265
      51       0       0     341
     554       0       0      56
     600     121     573       0
      38     400     518       0
