      70 0 0 600 400
       0      37     600     186
     600     119     344     400
     119     400     159       0
     600     306     117       0
     213       0     600     167
     414       0     600     244
       0     201     600     344
       0      46     600     388
       0     273     600     166
     578       0       0     351
     532       0       0     231
     600     312     546       0
     444       0     472     400
       0     184     600     120
       0      88     600     280
     598     400     600      19
     190     400       0     177
     600     359     502     400
     490     400     284       0
     387     400     600     302
     599       0     269     400
     600      71     471       0
     509     400     600     209
     482     400     600     368
     191     400     119       0
       0      42     233       0
       0     268     600     331
     600      86     512       0
     596     400      83       0
     600      36       0      32
     414       0     121     400
     398     400      89       0
     600     295      79     400
     220       0     600     382
     227       0     356     400
     600     286     582       0
     600     248       0      59
       0      98     261       0
     515       0       0     346
     355     400     600      25
     600     273       0     295
       0     159     600      10
     384     400      12       0
       0     286      81       0
     600     187       0     106
      72     400     527       0
     440       0       0     353
      12     400     600     348
     600       6       0     168
     220     400     600     365
       0     310     299       0
     600     112       0     302
     181       0     478     400
     507       0       0     318
     256     400     151       0
     600     300       0     197
       0     346     298       0
       0     385     600      38
       0      15     600     393
     554       0     145     400
     600     178     182       0
       0      24     523       0
       0     341     124       0
       0     317     192       0
      23     400       0     301
       0       8     245     400
     477       0     600     166
     600     193     130       0
      78     400     248       0
       0      71     600      59
