      80 0 0 600 400
       0     289     518       0
       0     146     255     400
     559       0       0     213
     418       0     600      53
      45     400       0      61
     406       0     194     400
       0      20     467     400
     548       0     360     400
     269     400     111       0
     600     376     165     400
     600      98      70       0
     142     400       0     151
       0     159     600     276
     600     126      97       0
      35     400     118       0
      70     400       0     340
       0     147     600     322
     600     126       0     168
     600     154       0      73
     376     400       0     216
       0     181     456     400
     600     308       0     289
     356     400     281       0
     600     361       0     400
     233     400     445       0
     448     400       0      73
     600      57     170       0
       0     179     600     148
       0     225     391       0
     103     400       0     376
     136       0     530     400
     567       0       0     169
     600      87     534     400
       0      62     388     400
     600     214       0     231
     382       0     600      83
     417     400       0     154
       0     279     528       0
     351       0       0      58
       0     107      41       0
     600      99       0     288
       0     298     600     296
     600     208       3       0
     179       0     283     400
     280     400     600     356
     600     326     304     400
      12       0     321     400
     600     380     443     400
     176       0     155     400
     356       0       0     363
     417     400     600     243
       0      38     211       0
     191       0     229     400
     600     297      93       0
       0     339     489     400
     466       0     600     279
     600      10     325       0
     322     400       0       1
     600     210     583     400
       0     251     600     266
      91     400      30       0
     125       0       0       3
      25     400      29       0
     544     400     600     116
     289     400     600     212
      81       0     600     231
       0     268     600     276
     600     279      95       0
       0     363     366       0
     544       0     600     118
     310       0       0     211
     344       0     600      31
     600     281     141       0
     515     400     600     123
     206     400       0     233
     478     400     600     211
     459       0     490     400
       0     155     591       0
      57       0     600     151
     177     400       0     174
