      90 0 0 600 400
       0     270     548       0
     144     400       0     334
     600     335     129     400
     274     400      51       0
       0     331     256     400
      29     400     600     111
     600     196     374       0
       0     170     157     400
       0     139     282     400
     522     400     600     131
     600     127       0      33
      25       0     220     400
     278       0       0      65
     425       0     158     400
     600     359       0      91
     600      68     362     400
       0     307     462     400
       0     331     462     400
     600      56       6       0
       0     153     600      30
       0      48     600     374
     335     400       0     149
     174     400     600     121
     600      15     340       0
      73     400     600     105
     600     380       0     353
     600     218     295       0
     503     400     600     382
     600     291     593       0
     339       0       0      34
     373     400     600       7
     600      31     231       0
     383       0     346     400
      43     400     431       0
     600     178     396       0
     566       0     600     388
     600     358     357     400
       0      12     270     400
     143     400       0     339
     332     400     600      29
       0     189     265     400
     600     296     535     400
      57       0       0     247
       8       0     600     293
      59       0       0     144
     600     127       0     145
     600     127     423       0
     354     400       0     369
       0     148     600     238
     368     400       0     139
     514       0       0     240
       0     156     105     400
     522     400       0     118
     574       0     488     400
     570       0     600     266
     403       0     600     242
     333       0     600      16
      33     400       0     255
     242     400      63       0
       0     199     456     400
     600      39     404       0
       0     250      39     400
     161       0       0     247
      52       0       0     119
       0      44      95       0
     389     400      54       0
     600     396       0     100
     514       0     600     133
     600      51     374     400
      27       0      53     400
       0     194     413     400
     600      20       0     191
     299       0     386     400
     600      50     450       0
       0     373     226       0
      98     400       0     266
     434       0     600     365
     600     199     446       0
       0     264      68     400
     238       0     597     400
     600     336     504       0
     304     400     600      63
       0     198     319       0
     600     124      96       0
     600     246     370     400
      10     400      45       0
     168       0     511     400
     112     400     600     221
     385     400     319       0
       0     289     600     306
