   60   54
    1    2
    1    3
    1    4
    1    5
    1    6
    1    7
    1    8
    1    9
    1   10
   11   12
   11   13
   11   14
   11   15
   11   16
   11   17
   11   18
   11   19
   11   20
   21   22
   21   23
   21   24
   21   25
   21   26
   21   27
   21   28
   21   29
   21   30
   31   32
   31   33
   31   34
   31   35
   31   36
   31   37
   31   38
   31   39
   31   40
   41   42
   41   43
   41   44
   41   45
   41   46
   41   47
   41   48
   41   49
   41   50
   51   52
   51   53
   51   54
   51   55
   51   56
   51   57
   51   58
   51   59
   51   60
    0   13   46   77   21   41  191  104   53   46   95    4   37   42  150  120  117   44   50  152  110   49  125   22  155  189  152  133  169   77  102   68   60  186  105    4  147  194  181  180   22   33  149  200   18   69  142    8   14   57   34   20  193  159   56  106  107   48  124  111
   34   20  193  159   56  106  107   48  124  111   87  197  101   85   31  113  154  171    3  188  139   49   91   59   15  146    6  123   73   17  121  185   11   71   46   37   77   87  125   40  185  190   77  198  159   36   48  106   85  180  191  163   34  100  155   88  103  154  153  175
  191  163   34  100  155   88  103  154  153  175  134  143   86  159  170    1  174   54   59  143  143   95   98   50  134  182  171  193   94   15   93  187  163  126   71  137  163   91   39  156  196   35   84  114  167    9   10  111  135   59  158   17    7   48  128  162  171  158   99   57
  158   17    7   48  128  162  171  158   99   57  144   89  136   82  127  166  116   79  142  125  185   29   99   82   87   34  188  124  118   36  155  146   95  192   84  175  174   87  129   85  187  195  115   38   61   68  167   60   71  167  174  191  188  124  141   57   40  120  128  117
  174  191  188  124  141   57   40  120  128  117   28   24  126   23   23  104  128  200   89   99   44   14  105   25   42   58  161   63    3   11  152    7   21  123  190  195  102   96   94   86   50  110  101   70  199   58  154  199   75   54  189  129  146  162  105   33  133   82  127  130
  189  129  146  162  105   33  133   82  127  130   65  138  173  138  149  198   87   66   57  182   28   78  154   51   20   83  143    5   50  154  160  162   32  188  131  120  126   29   29   19   13  114  123    5  134  143  184   16  159  142   24   81   28  121   29  166  111  131   38   80
   24   81   28  121   29  166  111  131   38   80  165  104  152   87  193   36  149   18   31  128  123  103   42  131   82   40   94  105   58  155  198  124   87  139  156   75  116   43  124  192  160   80    8  192   54   31   93  130   18  104  117  145   91  142  105  127  142  129   26  179
  117  145   91  142  105  127  142  129   26  179  163  142   80   78  167  107   30   50  107   97   15  111   22   20   88    7   21   85  197  170   67   87  115    5  194  189   27   40   58   61  122  157   45  110   19  119  133  159   61  122   16   13   15  102   27  164  114  190   18   62
   16   13   15  102   27  164  114  190   18   62  179   62  132   59   83   46   84  154  143   85  124   90   75  158   60   40   11  180  137  106   18   12   11   86  159  134   54   57   79  165  101    7  168   72   12  152  198  141   84   59  183   53  169  137   50   52   29   93  183   25
  183   53  169  137   50   52   29   93  183   25   96   27  122  193   63   69  169  144  174  107  106  186  133   40   56   60   10  189  200   99  165  191   84  160   55  136  124  121   53  144  142  175   47   52   47  200   48  122  194  150   60  122   27   42  166  186   37  178  162  130
   60  122   27   42  166  186   37  178  162  130    0  165   81    4  116  150   92   95   28   69  198  174  175   71  127  155  173   34   13  143  120   77  134  102   23  127  138   93   83  186  168   61  102  198  188  183  114   61   29   54   17  185  156   37  184   33  171  136  149  152
   17  185  156   37  184   33  171  136  149  152  165    0  155   33   50   37  171  141  198   22  118   10  188   54  166   48  195   32   61  186  183   75   38  153  173  100  110   89  184  170  184   60  105  100   87  102   17   71   25   74  101   53   67   16  171   71   94   20   68   30
  101   53   67   16  171   71   94   20   68   30   81  155    0   84  200   35   30   80   64   34  170   15  182    3  100   37  149  132    2   13   41   42  156  149   49   51   89  109   15  120  145   68   27  143  181  180  117   98  140    5  111  200   79   68  168   87  120  190  181   84
  111  200   79   68  168   87  120  190  181   84    4   33   84    0   12   75   40   60   46   90   69   32  130   12  110  135   61  193   71    9  103   11  129  116  199  152   73  139   39  104  106   95    6   93   83  184  113  158  196  123   73   83  188   94  101  182   11  135   85  166
   73   83  188   94  101  182   11  135   85  166  116   50  200   12    0  109   20   41  183  135  147  178  154  182  185  191  200   55  102   10  188  140   18  113   87  107  197  148   56  114  154   57   65   30   54  159   73   49   96   69   41  133  167   26  133  123  136    4   75   78
   41  133  167   26  133  123  136    4   75   78  150   37   35   75  109    0    1   65  108  185  138   52   26   74  166  158   24   10  193  181  151   80   41  103  192  154  122   91   69   26   66   71  100   33   56   73   85   42   98  179   74    9   64  194   82  102   28  170   97   89
   74    9   64  194   82  102   28  170   97   89   92  171   30   40   20    1    0   58  183  168   81   60   16  191   38  150   35   95   22   50   19  160  103   75  124   32   17  115   40  101  152   78   36  101   99   97   30   73   18   61  103   85  154   91   74  128   70  195   60   86
  103   85  154   91   74  128   70  195   60   86   95  141   80   60   41   65   58    0   29   41  153  105  179  189   10  153   74  191   15  192  109   31   98   71   76    1  159   41  120  182  106  112   21  131  132   53  171   40  153  148   60   77  134   22  156   59  111  129   90   79
   60   77  134   22  156   59  111  129   90   79   28  198   64   46  183  108  183   29    0  147  142  129  137  132  119  146   88  160  181  166   65   89   99   12  191  124    5   17   34  128  130   31  110    4   83  185   12  137   81  143  149  157  136   13  178  116  113  128   16   10
  149  157  136   13  178  116  113  128   16   10   69   22   34   90  135  185  168   41  147    0  162  185   18   74  137   55   99   60   16   34   89   29   21  159    9  181  156   69   40  125  170  117  186   47  150  115   99   57   64  140  163   68  147   56   17   12  158   86   97   29
  163   68  147   56   17   12  158   86   97   29  198  118  170   69  147  138   81  153  142  162    0  106    3   85  126  149  168  159   59  197   66    2   40  198   95  191   95  151  142   12  190  119    8   21   68  186  113  104  184  135   39   44  200   88   59   67  117  186   81   59
   39   44  200   88   59   67  117  186   81   59  174   10   15   32  178   52   60  105  129  185  106    0   15   52   85   21  177    8  165  180   56   95  155  196  178  171   56  198  123   23  141  184  197   80   56   13   17  163   89   45  131  141   28  124  200   59   89   86  156   83
  131  141   28  124  200   59   89   86  156   83  175  188  182  130  154   26   16  179  137   18    3   15    0   21  184  166  130  167   94  112   49  115   16  127   89  181   29  187   48   80   95    5  124  132  195  122  166   39   86  145   46   94   53  128  147  155   52  138  195  146
   46   94   53  128  147  155   52  138  195  146   71   54    3   12  182   74  191  189  132   74   85   52   21    0  113  112  125  118  116  147  108  124   79   16  131   55  195  164  156  183   59   74  153   49  192  159  133  169   42  170  165   65   46  161   19   11   29  125  112  100
  165   65   46  161   19   11   29  125  112  100  127  166  100  110  185  166   38   10  119  137  126   85  184  113    0   50   33   96  117   35   79   66  132   34  175   32  187  144  198  134   95    4  129  128   36   39   89  141   53   45  105  120   35  183  126   62    1   90    9  155
  105  120   35  183  126   62    1   90    9  155  155   48   37  135  191  158  150  153  146   55  149   21  166  112   50    0  158   67   93   26   63  149  195  118   44  123  134   83  117  200  120  132   71   96   18  122   22  144  117   11   45   79  120  168   62   21   81   82  100    9
   45   79  120  168   62   21   81   82  100    9  173  195  149   61  200   24   35   74   88   99  168  177  130  125   33  158    0  108   30    3   91   61  169    7   35  149  112  161  173  174  135  101  131   19  194   80   52   22  190   19  188  137  166   30  145   30  163   46  163  101
  188  137  166   30  145   30  163   46  163  101   34   32  132  193   55   10   95  191  160   60  159    8  167  118   96   67  108    0  133  111   29   88  131   81   83  140   77  171   33  114   19   10  126   85   83  135   96  124  150   90  149   39  128  152   79   16  174  156   93  174
  149   39  128  152   79   16  174  156   93  174   13   61    2   71  102  193   22   15  181   16   59  165   94  116  117   93   30  133    0   32  149  145   66  141   27   38   31  173  199    5  138  155  130  130  131  158  102   17    4  173  144  164  113   72  180  155  179  182   41   32
  144  164  113   72  180  155  179  182   41   32  143  186   13    9   10  181   50  192  166   34  197  180  112  147   35   26    3  111   32    0  162   67   81   40   68  127  155   36  173  134  197   29   24    6   52   58    7   27   97  171  121  132   19  200   75  152  169   22   34  146
  121  132   19  200   75  152  169   22   34  146  120  183   41  103  188  151   19  109   65   89   66   56   49  108   79   63   91   29  149  162    0  165   75   25   14   75  128   41    6  131  176  147   38   22  162  128  126   14   90   85  139   39  131   13   90  107  192   69   65   76
  139   39  131   13   90  107  192   69   65   76   77   75   42   11  140   80  160   31   89   29    2   95  115  124   66  149   61   88  145   67  165    0   44   76  114   46  187   51   94  102   39   12   87  173  125  161  101   32  174  183  158  112   71   70  183   52   86   95  100  153
  158  112   71   70  183   52   86   95  100  153  134   38  156  129   18   41  103   98   99   21   40  155   16   79  132  195  169  131   66   81   75   44    0   39   68   48  162  101  179   25   54  196   58  166  137   19   86   70   53  117   52   80   92  154  102   37   92  112  191   89
   52   80   92  154  102   37   92  112  191   89  102  153  149  116  113  103   75   71   12  159  198  196  127   16   34  118    7   81  141   40   25   76   39    0   60   38   63    9   54    6   73   80  192  186  192  109   13  195  190  130  157  130   47   43   96  149   84   75  165  105
  157  130   47   43   96  149   84   75  165  105   23  173   49  199   87  192  124   76  191    9   95  178   89  131  175   44   35   83   27   68   14  114   68   60    0  174  188  156  190    9   29  193    8   88   49   63  125  112   78   32   13  146   86    1  144  122  129  142   49  154
   13  146   86    1  144  122  129  142   49  154  127  100   51  152  107  154   32    1  124  181  191  171  181   55   32  123  149  140   38  127   75   46   48   38  174    0   89  178  185  150  123  121  145   68  126  156  148   11   13  182   30   19   49  183  191   42  102   53    5   47
   30   19   49  183  191   42  102   53    5   47  138  110   89   73  197  122   17  159    5  156   95   56   29  195  187  134  112   77   31  155  128  187  162   63  188   89    0  168  146   69   54  143   76   68  148   78  131  153  172    4  131  107   29   57  199   94   11   94  164  156
  131  107   29   57  199   94   11   94  164  156   93   89  109  139  148   91  115   41   17   69  151  198  187  164  144   83  161  171  173   36   41   51  101    9  156  178  168    0  186   24  172  166  149  151  128  107   81   55   33   60  115  195  146   97   45   72  139  148   97   38
  115  195  146   97   45   72  139  148   97   38   83  184   15   39   56   69   40  120   34   40  142  123   48  156  198  117  173   33  199  173    6   94  179   54  190  185  146  186    0   72  144   83   80   45    1  154  164   75   50  194  181  140  178  144  166   34  176   11  141   98
  181  140  178  144  166   34  176   11  141   98  186  170  120  104  114   26  101  182  128  125   12   23   80  183  134  200  174  114    5  134  131  102   25    6    9  150   69   24   72    0   74  164  147  141   60  142  122  139   31  104   85  120  119   31  180  107  108  111  156   58
   85  120  119   31  180  107  108  111  156   58  168  184  145  106  154   66  152  106  130  170  190  141   95   59   95  120  135   19  138  197  176   39   54   73   29  123   54  172  144   74    0  197  129  117  151  120  169   28   51  184  179  107   30  134  185  105   54   95   12   74
  179  107   30  134  185  105   54   95   12   74   61   60   68   95   57   71   78  112   31  117  119  184    5   74    4  132  101   10  155   29  147   12  196   80  193  121  143  166   83  164  197    0   22   29  196  147  157   13   54   37   51  122   82   45   57   91  153   23   21   52
   51  122   82   45   57   91  153   23   21   52  102  105   27    6   65  100   36   21  110  186    8  197  124  153  129   71  131  126  130   24   38   87   58  192    8  145   76  149   80  147  129   22    0  194  157  160   21  104  128  171  125   94   10   82  159  106  159   29  132    9
  125   94   10   82  159  106  159   29  132    9  198  100  143   93   30   33  101  131    4   47   21   80  132   49  128   96   19   85  130    6   22  173  166  186   88   68   68  151   45  141  117   29  194    0  166  167  125  112   20  195   12  195   45   20   48  106   75  121  197   16
   12  195   45   20   48  106   75  121  197   16  188   87  181   83   54   56   99  132   83  150   68   56  195  192   36   18  194   83  131   52  162  125  137  192   49  126  148  128    1   60  151  196  157  166    0  117   49   91   85   68  118    4  131   49   23   23  155    2  159   98
  118    4  131   49   23   23  155    2  159   98  183  102  180  184  159   73   97   53  185  115  186   13  122  159   39  122   80  135  158   58  128  161   19  109   63  156   78  107  154  142  120  147  160  167  117    0    3   24   38   65  141  187  112   14  106   11   97  196  108   44
  141  187  112   14  106   11   97  196  108   44  114   17  117  113   73   85   30  171   12   99  113   17  166  133   89   22   52   96  102    7  126  101   86   13  125  148  131   81  164  122  169  157   21  125   49    3    0  174  145   60   10  106  115  196   81  118  187   68   48   81
   10  106  115  196   81  118  187   68   48   81   61   71   98  158   49   42   73   40  137   57  104  163   39  169  141  144   22  124   17   27   14   32   70  195  112   11  153   55   75  139   28   13  104  112   91   24  174    0   72  166   19  160   49   67  144  160  163   55   88   28
   19  160   49   67  144  160  163   55   88   28   29   25  140  196   96   98   18  153   81   64  184   89   86   42   53  117  190  150    4   97   90  174   53  190   78   13  172   33   50   31   51   54  128   20   85   38  145   72    0   31  199   39   42   79  156   91   55   54  181   80
  199   39   42   79  156   91   55   54  181   80   54   74    5  123   69  179   61  148  143  140  135   45  145  170   45   11   19   90  173  171   85  183  117  130   32  182    4   60  194  104  184   37  171  195   68   65   60  166   31    0   24  128   93   13   75  160    1   71   59  110
   24  128   93   13   75  160    1   71   59  110   17  101  111   73   41   74  103   60  149  163   39  131   46  165  105   45  188  149  144  121  139  158   52  157   13   30  131  115  181   85  179   51  125   12  118  141   10   19  199   24   20   25   14  135   75  121   90   28   61  149
   20   25   14  135   75  121   90   28   61  149  185   53  200   83  133    9   85   77  157   68   44  141   94   65  120   79  137   39  164  132   39  112   80  130  146   19  107  195  140  120  107  122   94  195    4  187  106  160   39  128   25   34  166   21   29  186   66   12   57  124
   25   34  166   21   29  186   66   12   57  124  156   67   79  188  167   64  154  134  136  147  200   28   53   46   35  120  166  128  113   19  131   71   92   47   86   49   29  146  178  119   30   82   10   45  131  112  115   49   42   93   14  166   48  165  195   42   59  110  197   82
   14  166   48  165  195   42   59  110  197   82   37   16   68   94   26  194   91   22   13   56   88  124  128  161  183  168   30  152   72  200   13   70  154   43    1  183   57   97  144   31  134   45   82   20   49   14  196   67   79   13  135   21  165  141    8  200  143   73  158   26
  135   21  165  141    8  200  143   73  158   26  184  171  168  101  133   82   74  156  178   17   59  200  147   19  126   62  145   79  180   75   90  183  102   96  144  191  199   45  166  180  185   57  159   48   23  106   81  144  156   75   75   29  195    8   33  168  154   97  184  140
   75   29  195    8   33  168  154   97  184  140   33   71   87  182  123  102  128   59  116   12   67   59  155   11   62   21   30   16  155  152  107   52   37  149  122   42   94   72   34  107  105   91  106  106   23   11  118  160   91  160  121  186   42  200  168  111   30  108  167   37
  121  186   42  200  168  111   30  108  167   37  171   94  120   11  136   28   70  111  113  158  117   89   52   29    1   81  163  174  179  169  192   86   92   84  129  102   11  139  176  108   54  153  159   75  155   97  187  163   55    1   90   66   59  143  154   30  129  119   93  150
   90   66   59  143  154   30  129  119   93  150  136   20  190  135    4  170  195  129  128   86  186   86  138  125   90   82   46  156  182   22   69   95  112   75  142   53   94  148   11  111   95   23   29  121    2  196   68   55   54   71   28   12  110   73   97  108  119   18   23   43
   28   12  110   73   97  108  119   18   23   43  149   68  181   85   75   97   60   90   16   97   81  156  195  112    9  100  163   93   41   34   65  100  191  165   49    5  164   97  141  156   12   21  132  197  159  108   48   88  181   59   61   57  197  158  184  167   93   23   25  108
   61   57  197  158  184  167   93   23   25  108  152   30   84  166   78   89   86   79   10   29   59   83  146  100  155    9  101  174   32  146   76  153   89  105  154   47  156   38   98   58   74   52    9   16   98   44   81   28   80  110  149  124   82   26  140   37  150   43  108-32768
