   80   72
    1    2
    1    3
    1    4
    1    5
    1    6
    1    7
    1    8
    1    9
    1   10
   11   12
   11   13
   11   14
   11   15
   11   16
   11   17
   11   18
   11   19
   11   20
   21   22
   21   23
   21   24
   21   25
   21   26
   21   27
   21   28
   21   29
   21   30
   31   32
   31   33
   31   34
   31   35
   31   36
   31   37
   31   38
   31   39
   31   40
   41   42
   41   43
   41   44
   41   45
   41   46
   41   47
   41   48
   41   49
   41   50
   51   52
   51   53
   51   54
   51   55
   51   56
   51   57
   51   58
   51   59
   51   60
   61   62
   61   63
   61   64
   61   65
   61   66
   61   67
   61   68
   61   69
   61   70
   71   72
   71   73
   71   74
   71   75
   71   76
   71   77
   71   78
   71   79
   71   80
    0  114  138  133   57   96  188   52  189   92  133   31  156  102  107    8  125   73  182  120    5   28  160  197  200   42   67  176  196   32   91  131  153  156  143    8  107   56   78   66   43   51   56   28  142   34  183   22  174   49   14   31  160   14  145  195  127   90   17   46  162  188   20  111   66  163   27  153  160  134  183  144  126  140  137  186   72   83  175   88
   14   31  160   14  145  195  127   90   17   46  162  188   20  111   66  163   27  153  160  134  183  144  126  140  137  186   72   83  175   88  123  128  172   86   99  131  162   19   92  173  153  143    4   63   70  186  147  190  169  147   68   93   90   97  189  178   63   39   45  195    7  160  147   17   61   55  112  121  106    3   55   34  110  200   95  160   58  194   43   97
   68   93   90   97  189  178   63   39   45  195    7  160  147   17   61   55  112  121  106    3   55   34  110  200   95  160   58  194   43   97   14  190   95  186   70  181  191   23  176   67  189  167   90   19  186   86  157  156   49   60   62   70  199  194  111  196   76   13   19   33   47   32  176   31   36   96   23   46  161   76  139   57   64  133  186  169    1  114    2  161
   62   70  199  194  111  196   76   13   19   33   47   32  176   31   36   96   23   46  161   76  139   57   64  133  186  169    1  114    2  161  195  122    6   23  165  159  157  200  184  174  110   97   41   93  119   58  179   73   42   80   86   59   71  161  102   28  184  172   61  195  134   43  177   85   69  193  150  139   99   56  150  171   96  124   48  151   79  103  184  145
   86   59   71  161  102   28  184  172   61  195  134   43  177   85   69  193  150  139   99   56  150  171   96  124   48  151   79  103  184  145   10  137   58  140   16  139  200  130   91  145   99   76  185   15  114   16   54   94  165   49   62   76   29  165    8  164  140   31  139   50  183   90  152   63  170  171  183   53   63  120   10   11   19   81   53   71   80   57   60   11
   62   76   29  165    8  164  140   31  139   50  183   90  152   63  170  171  183   53   63  120   10   11   19   81   53   71   80   57   60   11   60   98  144   60  174  190  117   13  197  170  138   93  174   29  125   70  180   34   52  165   50  135   79  158   79  187  138   48  114   23  100   25   98  156   37   37  113    8   95  147   77  102  136   38   35  145   69   41  125   51
   50  135   79  158   79  187  138   48  114   23  100   25   98  156   37   37  113    8   95  147   77  102  136   38   35  145   69   41  125   51   87   17   50   68   56  163  144  100   57   53  180  159  183   52  131  124   75  148  111   53   10   20    6  118  126   92  135  111   56  128  165  158  185   35   42  116  182   53  180   65   28  118  156   78   49   16  177  193  140   65
   10   20    6  118  126   92  135  111   56  128  165  158  185   35   42  116  182   53  180   65   28  118  156   78   49   16  177  193  140   65   68  189   74   87   28   99  116   32  112   74  165  102  183   50  141   54  173  133  152   25  121   64   36   44   97  164  138   90   11  198  173  102   79  170   40  182  152   42  175  179  134   64   98  178   22   57   74   61  172   72
  121   64   36   44   97  164  138   90   11  198  173  102   79  170   40  182  152   42  175  179  134   64   98  178   22   57   74   61  172   72    6  115   11  144  177   64   87   25  115  156    1   54  133  180  159  157  112  119  159   25  167   37   72  160   87  193  131  150   72   77  119   29  153   94  159  169   71  149  163  184    7  122   74   11  101  153   99  165   49  100
  167   37   72  160   87  193  131  150   72   77  119   29  153   94  159  169   71  149  163  184    7  122   74   11  101  153   99  165   49  100  163   25  136   49  169   10   86  110   47   33  114    2  181   76    9   13   80  192  136  147    8   87   89  133  122   51  187   21  139  117   33  107  194   73  164   23  101   55  194   19  146  133  189  137  189  162  157    1   77  161
    8   87   89  133  122   51  187   21  139  117   33  107  194   73  164   23  101   55  194   19  146  133  189  137  189  162  157    1   77  161   42  184   13   43   39  118   76   85  167  199   48  197   32  152  199   80  100    3   71   67   93   34  200   20  146  164  153  172   26   30   75  198  139   19  130  114   61  154   32  110   76   19   88   47  114  152   20  178   44  110
   93   34  200   20  146  164  153  172   26   30   75  198  139   19  130  114   61  154   32  110   76   19   88   47  114  152   20  178   44  110  196   39  122  177   25  168  101   17   58   34   37  183  171  127   56   39   14  179    5  105  168  159  160   84  123  120   10   81    1   42  200  172   50  116   57  156   87  158  115  136   57   85  164   62   68    4   64  179   44  172
  168  159  160   84  123  120   10   81    1   42  200  172   50  116   57  156   87  158  115  136   57   85  164   62   68    4   64  179   44  172   12   27  197  181  188  100  128  199    3  133   24  105  115  198  151   79   10   74   61  179   22  164   10  161   93  137  109  191   28   64    8  184   75  103   38   83   85   68   68  165   74  140  106  147  170  111  149  106  195  198
   22  164   10  161   93  137  109  191   28   64    8  184   75  103   38   83   85   68   68  165   74  140  106  147  170  111  149  106  195  198   20  148    4   37   32   71   77   68  107   83   23   83  128  115    4  200  166   83  144  141   61  127   31  163   92  111   62   56  122   81   62   35   54   77    9   11  100  162  180    3   74  191  176  142  164   20   56  182   15   17
   61  127   31  163   92  111   62   56  122   81   62   35   54   77    9   11  100  162  180    3   74  191  176  142  164   20   56  182   15   17  111   12  200  194   91  192  109   39  105  140  152  139   58    4  137   18  192   59   95   83  158  145  122   16   87  113   26  178  178   74   19   84  194  121  167   14  100   77    3  127  133   74   43  145  162  173    2   77    5   21
  158  145  122   16   87  113   26  178  178   74   19   84  194  121  167   14  100   77    3  127  133   74   43  145  162  173    2   77    5   21   28    8  168  111  146  183   38  134  136   93  143   64  100  178  124   10   79   24  119  137  155  134  111  158   96   71   21   19   82  141    8  181   65  112   70  198    3  185  196  159   69   39  155  151  193  179  174  176   36  143
  155  134  111  158   96   71   21   19   82  141    8  181   65  112   70  198    3  185  196  159   69   39  155  151  193  179  174  176   36  143  112  110   37  169  130  174  138   89  154  192  159   41   29   85  145   48  188  165  148  155  131   65  148   75   43  167   75  140  136   47  144    2  151  122  153  190  102  109  115  120  155   24  104  160   87  154  150  137   41   59
  131   65  148   75   43  167   75  140  136   47  144    2  151  122  153  190  102  109  115  120  155   24  104  160   87  154  150  137   41   59   64   56   24   14  196   84   49  161  193  143  113  139   65   81   16  107  170   50   46  122  189  195   26   90  185    9   45  177  116  130   68  180   12   54   50   51   65   32   48   30   69  103  125   39   22  155  117  168  154  133
  189  195   26   90  185    9   45  177  116  130   68  180   12   54   50   51   65   32   48   30   69  103  125   39   22  155  117  168  154  133   10   38  181   17   21  138   52   29   42  116  146  134  134   74   92  188  150   51  110  173  117  127   71  157   81   32   80   93  157  192   55   32  191    9   37  125   64  187  186  120  112  122  189  181   26   15   65  182   28  196
  117  127   71  157   81   32   80   93  157  192   55   32  191    9   37  125   64  187  186  120  112  122  189  181   26   15   65  182   28  196  181  149  104  105   21   82  124  199  164   86  180  135   23   27   15  198   44  149   16  156  183   14   86  122   90   27  185  108  104    8  134  174   16  159  178  113  171  199   24  115  184   51  115  114   71  164    9   69   91  152
  183   14   86  122   90   27  185  108  104    8  134  174   16  159  178  113  171  199   24  115  184   51  115  114   71  164    9   69   91  152   34   57  170  167   52   71   32    7   81   43  140  119  167   61  149   10  157   56  131  106   72  106  102  126   46  166   33   80   33   55  189   84  153    7   66    1  174  130   70  175  100  166  117  129  146   71  105    1  123   82
   72  106  102  126   46  166   33   80   33   55  189   84  153    7   66    1  174  130   70  175  100  166  117  129  146   71  105    1  123   82  195  173   61   56  129   93  193   69   37   13  197  157   66  117  126  199   27   47  125  139   60  199  192   20   25    6   92    2  146   89  185  135   88  185  175  154  109   41   48  182  164   82   94   95    8   33  117  194   62   57
   60  199  192   20   25    6   92    2  146   89  185  135   88  185  175  154  109   41   48  182  164   82   94   95    8   33  117  194   62   57   20   93   80  102   55  137  123   87   59   72  113  116  146  176  117   68  192  154   60  153  135  153   64   10   39  128   73  200   58  187   45  156  153   45   65  144   19  149  175    6  144   65  174  129  153   81  150  196   51   24
  135  153   64   10   39  128   73  200   58  187   45  156  153   45   65  144   19  149  175    6  144   65  174  129  153   81  150  196   51   24  176  196   65  184   17  126   32    3   94  160   92  129  153   59  146  101  190   84   55  119   59  117   69  199  177   97   49   42   16  129   59    5   76   83  191    1  145  136  111   21   33  167   77    8   82  153   46   65   76  165
   59  117   69  199  177   97   49   42   16  129   59    5   76   83  191    1  145  136  111   21   33  167   77    8   82  153   46   65   76  165  172  135  137    2   82   34   36  186   21  144  193  138   56  143  104    1  175   64  108  113   23   85   41  113   41  185  190  145   59   26  199   41   14   95   51   45  135  161   67   59  178  189  144   69  145   69  144   71  103   93
   23   85   41  113   41  185  190  145   59   26  199   41   14   95   51   45  135  161   67   59  178  189  144   69  145   69  144   71  103   93  115   62  200   50   13  182  102  125  175    7   52  156  108  188   30    4   39   31   24   23  168   27   55  131  100   24   47   93  149    1   72   92   87   35  161  111  132   97  105   96   55    1  149  119   90   18   82  146   59  116
  168   27   55  131  100   24   47   93  149    1   72   92   87   35  161  111  132   97  105   96   55    1  149  119   90   18   82  146   59  116  132  164   90  132  133  196  193  114  131   42  119  120  130  182  134  155  199  193   29   58  189  112   90   95  104  101  136  196  134  173  117   51  184   39   63  134    4  142  192  144   65   15   64   47  172  163   89  104  165  168
  189  112   90   95  104  101  136  196  134  173  117   51  184   39   63  134    4  142  192  144   65   15   64   47  172  163   89  104  165  168  165   88   75  138  189  184  108  140   14  174   18   54   58   40  117   21   97  151   98   62  187   86   73  160  113   43  147   17  193   62   99  135  152  163  187  147  196  121  159  145   92   59  184   22  110  115   74   77   97   24
  187   86   73  160  113   43  147   17  193   62   99  135  152  163  187  147  196  121  159  145   92   59  184   22  110  115   74   77   97   24    5   60   40  142   23   34    2   86  148   95   43  179   73    1  166   38  168   26  191  165  154  165  179   45   65  173    4  109  148  120  130  186   25   24  150  122   62  146   62   83  167    3  104  106   63  189   65  146  161  158
  154  165  179   45   65  173    4  109  148  120  130  186   25   24  150  122   62  146   62   83  167    3  104  106   63  189   65  146  161  158  164   51  177  156  124   30  111  158   38  149   50  108  136  102   92  196  184  117  169  184   82  120  158   17  123  135  152   25  168  131    4   50  103  199   89  114  127  173  103   53  138   75  160   31   80  194   90   73  197   82
   82  120  158   17  123  135  152   25  168  131    4   50  103  199   89  114  127  173  103   53  138   75  160   31   80  194   90   73  197   82    0  103   14  166  184   21  117  164   73  151   42  127  118   88  137  158   40   31   21   59  110  199  127   16  121   24   89  132  187   19  129  136   28   87   31   56   61   75  158   86   81   39    4  130  131  122   32  172   62   10
  110  199  127   16  121   24   89  132  187   19  129  136   28   87   31   56   61   75  158   86   81   39    4  130  131  122   32  172   62   10  103    0  184   34   82  174  125  175   75  152  109    1  109  194   17   39   17   10  155  136  144   49   74  135   71  157  103  109  101  127  127   77    4   97   38    5  131   16   70  106   75   20  147  139   92   46  168   34  165   27
  144   49   74  135   71  157  103  109  101  127  127   77    4   97   38    5  131   16   70  106   75   20  147  139   92   46  168   34  165   27   14  184    0   36   28   27   92   79  151  112   16  156  135   61   44  192   98   58   31  147  167  104  132   64   95   17   70   85  138  170  122  189  140   43  160   52  199  108  167   64  163   22   90   13   22  147  126  173  148   70
  167  104  132   64   95   17   70   85  138  170  122  189  140   43  160   52  199  108  167   64  163   22   90   13   22  147  126  173  148   70  166   34   36    0   15    3  154   49  142   87   15  145  109   35  131   79   84   69   66   71   93  110  152  187   53  197  189  175   19  148  120  197  145  199   31  139  118   27   41   19   83  198  131   60  110  137  190   62  111  172
   93  110  152  187   53  197  189  175   19  148  120  197  145  199   31  139  118   27   41   19   83  198  131   60  110  137  190   62  111  172  184   82   28   15    0   12  125  180   43   34   68  144  125   40   97    8   65  125  154  185  171   44   17   74  166  146   69    8  131   99  115   12  158  129   61   96   41   70  134   37   13   31  158   50  174  118   67   29   95   69
  171   44   17   74  166  146   69    8  131   99  115   12  158  129   61   96   41   70  134   37   13   31  158   50  174  118   67   29   95   69   21  174   27    3   12    0   64   48  173  173  109   84   97   24   59  183  102  165   15  118   95  104  124   49  197   20   79  147  112  171   68  197  146   13  118   20  200  128   73   52   65   93   73   14   24   72   48   93    2  166
   95  104  124   49  197   20   79  147  112  171   68  197  146   13  118   20  200  128   73   52   65   93   73   14   24   72   48   93    2  166  117  125   92  154  125   64    0   19   99  170    7  200   93  141  134  195   60  157  120   11   26  123  107   35   81  166   17   35   29   86  173   20  194   81  130  104   36    3  129  140  190   38   77  142   70  149  175  171  190   96
   26  123  107   35   81  166   17   35   29   86  173   20  194   81  130  104   36    3  129  140  190   38   77  142   70  149  175  171  190   96  164  175   79   49  180   48   19    0  187    2  193   66  174  157   83   11  191  104  127   51   70  114   24  127   75   92  128  153   72  142  192  177   87  107  136   77  196  146   16    3  121   62  173   10  176  175   58  178   48  137
   70  114   24  127   75   92  128  153   72  142  192  177   87  107  136   77  196  146   16    3  121   62  173   10  176  175   58  178   48  137   73   75  151  142   43  173   99  187    0   10  156  133  175  164  151   27   86   99  178    4  144   71   96  156  155  163  158  141  115   84   80  111   13   52   73   69  135    6  140  125   95   58  174  200   71  144   71  145  157   94
  144   71   96  156  155  163  158  141  115   84   80  111   13   52   73   69  135    6  140  125   95   58  174  200   71  144   71  145  157   94  151  152  112   87   34  173  170    2   10    0   83  123   18  161  132  141   47  138    6   45  125    5   60  188   81  135   48  195   34   93  197   99   43  166   55    2  127  157  131   30  185   75  152   21  187  158   49   40   49  163
  125    5   60  188   81  135   48  195   34   93  197   99   43  166   55    2  127  157  131   30  185   75  152   21  187  158   49   40   49  163   42  109   16   15   68  109    7  193  156   83    0    9   31   77   57    1   23   95  140    8   91   24   49   78  189  147  145  129  159  119   64  105  123   49   20  146   78   30  127   40  192  129   58  136  117  124  181   90  126   86
   91   24   49   78  189  147  145  129  159  119   64  105  123   49   20  146   78   30  127   40  192  129   58  136  117  124  181   90  126   86  127    1  156  145  144   84  200   66  133  123    9    0    4  101   82    9  170  140  154   79  121  102  182   79  189   94  105   33  121  103   64   77   97  125   76  161  157  133    9   73  186   42   50   91   76  157   85   46  118  168
  121  102  182   79  189   94  105   33  121  103   64   77   97  125   76  161  157  133    9   73  186   42   50   91   76  157   85   46  118  168  118  109  135  109  125   97   93  174  175   18   31    4    0   93   11  136   60   73   88  123  128  100   24  187  141  142   13   62  155  112  118  109  125  103  183  145  103  188  147  123   83    7  146  121  175   47   19  148   67  123
  128  100   24  187  141  142   13   62  155  112  118  109  125  103  183  145  103  188  147  123   83    7  146  121  175   47   19  148   67  123   88  194   61   35   40   24  141  157  164  161   77  101   93    0   84  124  164   70  111   41   56   64   74  183    5   60   80   81   13   87  168  198   42  172   95  126   62  146   72  172    2  197   84   31  164  116   55  112   88   19
   56   64   74  183    5   60   80   81   13   87  168  198   42  172   95  126   62  146   72  172    2  197   84   31  164  116   55  112   88   19  137   17   44  131   97   59  134   83  151  132   57   82   11   84    0  188  125  120  173   51  186  182   23   26  153   79  139  193  150  160   77  180   84  157  190  142   31  118   64   89  173  170  126   44   76  113  190  150   92   87
  186  182   23   26  153   79  139  193  150  160   77  180   84  157  190  142   31  118   64   89  173  170  126   44   76  113  190  150   92   87  158   39  192   79    8  183  195   11   27  141    1    9  136  124  188    0    3   87  162   18   42   41  123  182  128   77   71   85   17   50   10  109   17   25   21   21  111   19   79   85  115  148   69  182   69   97   14  186   77   79
   42   41  123  182  128   77   71   85   17   50   10  109   17   25   21   21  111   19   79   85  115  148   69  182   69   97   14  186   77   79   40   17   98   84   65  102   60  191   86   47   23  170   60  164  125    3    0  170   76   99  114  101  158   13   93   97  172  148  156  132  137   99  144   33   36  140  162  169   82  140  114   11  165  181  131  178  124  112   75   31
  114  101  158   13   93   97  172  148  156  132  137   99  144   33   36  140  162  169   82  140  114   11  165  181  131  178  124  112   75   31   31   10   58   69  125  165  157  104   99  138   95  140   73   70  120   87  170    0  144  117  133  117   22   46  166   31  106   64  151   94  138   94   75  122  117   95  113  178  118  146  145   85   60   93  157   85   88   11   80  134
  133  117   22   46  166   31  106   64  151   94  138   94   75  122  117   95  113  178  118  146  145   85   60   93  157   85   88   11   80  134   21  155   31   66  154   15  120  127  178    6  140  154   88  111  173  162   76  144    0   40  161   94  115  168  165   75  139  100    3   92  157   88   54  148  109   47   60  165  159  123  168   95  142  194   10   84   54  143   73   48
  161   94  115  168  165   75  139  100    3   92  157   88   54  148  109   47   60  165  159  123  168   95  142  194   10   84   54  143   73   48   59  136  147   71  185  118   11   51    4   45    8   79  123   41   51   18   99  117   40    0   34   11   34   93  152  167    3   50  156   93   42   39  196   39   20   45  183   34   59  117   78    8  133   74   98   20  181   24   18   29
   34   11   34   93  152  167    3   50  156   93   42   39  196   39   20   45  183   34   59  117   78    8  133   74   98   20  181   24   18   29  110  144  167   93  171   95   26   70  144  125   91  121  128   56  186   42  114  133  161   34   31  183   89   51  130   82  130    5  168   81  178   79  154   98   57  104  123   24    1   95  117   59   71   19   62   59   41  135  121   93
   31  183   89   51  130   82  130    5  168   81  178   79  154   98   57  104  123   24    1   95  117   59   71   19   62   59   41  135  121   93  199   49  104  110   44  104  123  114   71    5   24  102  100   64  182   41  101  117   94   11  183   90   92  126  169   18   64   69  100  190  109  164   98   12  195  172   80  129   10  185  149   89    6  163  162  163   31  178  152   53
  183   90   92  126  169   18   64   69  100  190  109  164   98   12  195  172   80  129   10  185  149   89    6  163  162  163   31  178  152   53  127   74  132  152   17  124  107   24   96   60   49  182   24   74   23  123  158   22  115   34   89   92  194   13  100    9   74    5  143   60   48  190  140   50  185   34   34   63  100   94  167  195  135  170  164    5   29  200   72   63
   89   92  194   13  100    9   74    5  143   60   48  190  140   50  185   34   34   63  100   94  167  195  135  170  164    5   29  200   72   63   16  135   64  187   74   49   35  127  156  188   78   79  187  183   26  182   13   46  168   93   51  126   13  102   21  106   71  121  114   55  105  121   95   85   49   80  130   33   81  139   33   16  138  148  138  117   58  153  155    7
   51  126   13  102   21  106   71  121  114   55  105  121   95   85   49   80  130   33   81  139   33   16  138  148  138  117   58  153  155    7  121   71   95   53  166  197   81   75  155   81  189  189  141    5  153  128   93  166  165  152  130  169  100   21  164  178   58   47   80   71  143   17  105  127  193  131   89  128   26  165   55   41   82  114  116   73  154   41   68  113
  130  169  100   21  164  178   58   47   80   71  143   17  105  127  193  131   89  128   26  165   55   41   82  114  116   73  154   41   68  113   24  157   17  197  146   20  166   92  163  135  147   94  142   60   79   77   97   31   75  167   82   18    9  106  178  138   14   10  162  107  134   68  198  181  150  138   92  175  153   81  143   91  168   84   89   15   17  134   44  129
   82   18    9  106  178  138   14   10  162  107  134   68  198  181  150  138   92  175  153   81  143   91  168   84   89   15   17  134   44  129   89  103   70  189   69   79   17  128  158   48  145  105   13   80  139   71  172  106  139    3  130   64   74   71   58   14  111    1   39  114   65  109   59  104  112  100   92  179   40   48  197   23  142    4   87   38  165   70   81   38
  130   64   74   71   58   14  111    1   39  114   65  109   59  104  112  100   92  179   40   48  197   23  142    4   87   38  165   70   81   38  132  109   85  175    8  147   35  153  141  195  129   33   62   81  193   85  148   64  100   50    5   69    5  121   47   10    1   11   23   26   43   82   74  119   93  181  141   47  137   53  170   47   74  143    4   26   49  173   50  132
    5   69    5  121   47   10    1   11   23   26   43   82   74  119   93  181  141   47  137   53  170   47   74  143    4   26   49  173   50  132  187  101  138   19  131  112   29   72  115   34  159  121  155   13  150   17  156  151    3  156  168  100  143  114   80  162   39   23   77  101  162   47   21   70   72  187  103   26  109  101  125  169  147   81   82  175  200  120  110   28
  168  100  143  114   80  162   39   23   77  101  162   47   21   70   72  187  103   26  109  101  125  169  147   81   82  175  200  120  110   28   19  127  170  148   99  171   86  142   84   93  119  103  112   87  160   50  132   94   92   93   81  190   60   55   71  107  114   26  101   33  116   68   39   17  108  172  187   38  199  195  151  184  101   96   77   53  102  153   85   65
   81  190   60   55   71  107  114   26  101   33  116   68   39   17  108  172  187   38  199  195  151  184  101   96   77   53  102  153   85   65  129  127  122  120  115   68  173  192   80  197   64   64  118  168   77   10  137  138  157   42  178  109   48  105  143  134   65   43  162  116  198  180   17  198  113   18   76  187  151   37  124  156  125   35    3  184  156   23  117  157
  178  109   48  105  143  134   65   43  162  116  198  180   17  198  113   18   76  187  151   37  124  156  125   35    3  184  156   23  117  157  136   77  189  197   12  197   20  177  111   99  105   77  109  198  180  109   99   94   88   39   79  164  190  121   17   68  109   82   47   68  180   50  106  168  198  199   88  129  106  131  195  189  140   80   88  178  177  160   19   81
   79  164  190  121   17   68  109   82   47   68  180   50  106  168  198  199   88  129  106  131  195  189  140   80   88  178  177  160   19   81   28    4  140  145  158  146  194   87   13   43  123   97  125   42   84   17  144   75   54  196  154   98  140   95  105  198   59   74   21   39   17  106  103  166   40   35   34   28   31   29   98  185    8  103   17   55   90  189   41   50
  154   98  140   95  105  198   59   74   21   39   17  106  103  166   40   35   34   28   31   29   98  185    8  103   17   55   90  189   41   50   87   97   43  199  129   13   81  107   52  166   49  125  103  172  157   25   33  122  148   39   98   12   50   85  127  181  104  119   70   17  198  168  166    9   97   96  136  107   16   41  145  193  179  128  132  106  103  119  175  124
   98   12   50   85  127  181  104  119   70   17  198  168  166    9   97   96  136  107   16   41  145  193  179  128  132  106  103  119  175  124   31   38  160   31   61  118  130  136   73   55   20   76  183   95  190   21   36  117  109   20   57  195  185   49  193  150  112   93   72  108  113  198   40   97   14  177   79  132  121   60  133  145  192   68   10  120  116  116  117   36
   57  195  185   49  193  150  112   93   72  108  113  198   40   97   14  177   79  132  121   60  133  145  192   68   10  120  116  116  117   36   56    5   52  139   96   20  104   77   69    2  146  161  145  126  142   21  140   95   47   45  104  172   34   80  131  138  100  181  187  172   18  199   35   96  177    3    5  196  132   17  149   44  131  137  120  102  155  174   42   95
  104  172   34   80  131  138  100  181  187  172   18  199   35   96  177    3    5  196  132   17  149   44  131  137  120  102  155  174   42   95   61  131  199  118   41  200   36  196  135  127   78  157  103   62   31  111  162  113   60  183  123   80   34  130   89   92   92  141  103  187   76   88   34  136   79    5  109  136  194  187   63  179   77  108   43   22  170  163  146  166
  123   80   34  130   89   92   92  141  103  187   76   88   34  136   79    5  109  136  194  187   63  179   77  108   43   22  170  163  146  166   75   16  108   27   70  128    3  146    6  157   30  133  188  146  118   19  169  178  165   34   24  129   63   33  128  175  179   47   26   38  187  129   28  107  132  196  136   48   67  147  143    8   21  183  172  161   71   93    8  194
   24  129   63   33  128  175  179   47   26   38  187  129   28  107  132  196  136   48   67  147  143    8   21  183  172  161   71   93    8  194  158   70  167   41  134   73  129   16  140  131  127    9  147   72   64   79   82  118  159   59    1   10  100   81   26  153   40  137  109  199  151  106   31   16  121  132  194   67  120   87   95  195   81  142  140  186   85   82   59   89
    1   10  100   81   26  153   40  137  109  199  151  106   31   16  121  132  194   67  120   87   95  195   81  142  140  186   85   82   59   89   86  106   64   19   37   52  140    3  125   30   40   73  123  172   89   85  140  146  123  117   95  185   94  139  165   81   48   53  101  195   37  131   29   41   60   17  187  147   87  184   69   20  111   60   70  118    8   54    7   96
   95  185   94  139  165   81   48   53  101  195   37  131   29   41   60   17  187  147   87  184   69   20  111   60   70  118    8   54    7   96   81   75  163   83   13   65  190  121   95  185  192  186   83    2  173  115  114  145  168   78  117  149  167   33   55  143  197  170  125  151  124  195   98  145  133  149   63  143   95   69  166  110   60   72  119  171   33  187  197   20
  117  149  167   33   55  143  197  170  125  151  124  195   98  145  133  149   63  143   95   69  166  110   60   72  119  171   33  187  197   20   39   20   22  198   31   93   38   62   58   75  129   42    7  197  170  148   11   85   95    8   59   89  195   16   41   91   23   47  169  184  156  189  185  193  145   44  179    8  195   20  110   94  175  149   65   58   34  160  173   70
   59   89  195   16   41   91   23   47  169  184  156  189  185  193  145   44  179    8  195   20  110   94  175  149   65   58   34  160  173   70    4  147   90  131  158   73   77  173  174  152   58   50  146   84  126   69  165   60  142  133   71    6  135  138   82  168  142   74  147  101  125  140    8  179  192  131   77   21   81  111   60  175  129  200   70   39  107  175  125  111
   71    6  135  138   82  168  142   74  147  101  125  140    8  179  192  131   77   21   81  111   60  175  129  200   70   39  107  175  125  111  130  139   13   60   50   14  142   10  200   21  136   91  121   31   44  182  181   93  194   74   19  163  170  148  114   84    4  143   81   96   35   80  103  128   68  137  108  183  142   60   72  149  200   82   66   71   42   90  198   33
   19  163  170  148  114   84    4  143   81   96   35   80  103  128   68  137  108  183  142   60   72  149  200   82   66   71   42   90  198   33  131   92   22  110  174   24   70  176   71  187  117   76  175  164   76   69  131  157   10   98   62  162  164  138  116   89   87    4   82   77    3   88   17  132   10  120   43  172  140   70  119   65   70   66   69  103  147   85  129    8
   62  162  164  138  116   89   87    4   82   77    3   88   17  132   10  120   43  172  140   70  119   65   70   66   69  103  147   85  129    8  122   46  147  137  118   72  149  175  144  158  124  157   47  116  113   97  178   85   84   20   59  163    5  117   73   15   38   26  175   53  184  178   55  106  120  102   22  161  186  118  171   58   39   71  103   82  105   21  113   57
   59  163    5  117   73   15   38   26  175   53  184  178   55  106  120  102   22  161  186  118  171   58   39   71  103   82  105   21  113   57   32  168  126  190   67   48  175   58   71   49  181   85   19   55  190   14  124   88   54  181   41   31   29   58  154   17  165   49  200  102  156  177   90  103  116  155  170   71   85    8   33   34  107   42  147  105  104   99   23   94
   41   31   29   58  154   17  165   49  200  102  156  177   90  103  116  155  170   71   85    8   33   34  107   42  147  105  104   99   23   94  172   34  173   62   29   93  171  178  145   40   90   46  148  112  150  186  112   11  143   24  135  178  200  153   41  134   70  173  120  153   23  160  189  119  116  174  163   93   82   54  187  160  175   90   85   21   99   97  107  100
  135  178  200  153   41  134   70  173  120  153   23  160  189  119  116  174  163   93   82   54  187  160  175   90   85   21   99   97  107  100   62  165  148  111   95    2  190   48  157   49  126  118   67   88   92   77   75   80   73   18  121  152   72  155   68   44   81   50  110   85  117   19   41  175  117   42  146    8   59    7  197  173  125  198  129  113   23  107  158  116
  121  152   72  155   68   44   81   50  110   85  117   19   41  175  117   42  146    8   59    7  197  173  125  198  129  113   23  107  158  116   10   27   70  172   69  166   96  137   94  163   86  168  123   19   87   79   31  134   48   29   93   53   63    7  113  129   38  132   28   65  157   81   50  124   36   95  166  194   89   96   20   70  111   33    8   57   94  100  116    0
