100 100
1111011110111111111100101110011111011101111111011111000111111101111110011111101111110110101111101110
0010101010110110111101001011110100111011111111111111111111111010111011101010111111111111011110111001
1111010111111110110111110110111010101100101111110010111110111011001110110111111111111101101001011111
1110110111101111111011111101000111101111111111110101111101100110111101111110111110010111111101110101
1111110111010011011110011011001111111011111111110111111010101100111111111010111111111111111011100010
1101011111001110111111111010011110111111110111111111111101111110111001001110011101001111011111111011
1111001110111111111111111111111111011110110111111011111100110111111110010011111111111111101101101111
1111101011011110011101110111100101111111011111111001100111011111110111111101111111111111100011110101
1111011111110111111101110110111111110110011110110111011111110100111011111101101110101111111111101110
0110001111111010011111111011111101111110111111110110101111111101110110111011011100100101010101111111
1111111001111111111111001110110110000111111111111011101111111011111110110111111111111111001111111111
1111011110111110110111010111111111101111110111111111111101110111111111111111011110001001101101001111
1111100110110101111111111101100111110101111011111111011101010111101111111011111111011111101110111111
0011111111101011111110011110111101111111011111110111111111011111011101111110111110111110001011111111
1111001111111111111111101111011101111111101111110101111010111100011110011101101111111101011111111110
1101111111111111101101101010100110111111111111111111010110111111110111111111110110011110111111100111
1110111111101111101111001111110101110010111111111111101111011100111101101111111110110111111101111111
0001110111101111110111111111110011111110111111101110100110101101111101111111111111011101111101001101
1010111110101110111110111111101011110111111111110111111110001111111111011101101001111111111110011110
0011111001110011111101001101110111111111001111111101111111110011111111111110110111111001011011111111
1111111011111111110101010110111011111111111010111110111111111001001100101101111111110011001111111111
0111110100101011000000111110111111110111110111111111011111101110111100011111111111011111011110101101
0110111001111010110111111111101110111111111111001111111101111111111101110111111111111111111111001111
1111101100111110110110111011111111110101111011111011101111111110111111111010111111111111111111111111
1110011110111111000111111010111111101011111111011010101111111101101111110111111111011011010101111111
0101111111110111100111110011111011111111110010111111111111011011111011101110011111101011101111111011
1110110111111101101010111111101111111111110111111011011110111110110111111011101011101011111111111101
1111011110111111111101001010011111111110101110011111111111111100111110110011011001111111110111111011
1101101111111111111111011110101111111011111110101101000010011110111011101111011011101111110111111110
1001111111111111111111111111011100111111101111110001111111111111111111111011111111111011111010111111
1111111111111011111111110111011111111111011111111111101101010101111110111111111111011111010011111111
1111111111011110111111111111011100110111111111011110111011111111110111111110111111111101110111111111
0111111110101111111111110110001101111111111111101010011011111111011111011111110111101110011001111111
0111111111111110101011111101110111111101111111010111111111111111111110111111010101011111111111111111
1111011111101111110111111110110011011110110111111111100101011000101011111011010111111101011101001111
0110111101111111110110101111111110101111111111111111101111111110111111111111010111111001110111111100
0111111111101111111111111011111111011111111011000111111111111110101111110111111010111111111010111111
1111111101111111111001011110110111111111110110110110111011111111111111111111001111111011111111111111
1101111101011111111111111010111101111111111111111011111111111111110111111101110100111110011101011100
0111111111011111101011111111111111011011011101110111101111111101111111111111100101101111111000101111
1001101111001011111111110111111100101101111111111011111111111111001111111111111001111101111111101100
0111011101101110101011101101111011101101010001001111110010011111111111111111011100111010111111011111
0111011100111111101001111011100111110110111111010111111111111110110111111111111111110011101011001111
1001101011111111111111111111011111111111100111010111111111111111110111111111001111011111101101110101
1100111011110110111111111111011111100101011111111111101111001100111111111111100111010011111111111101
1100111101101110101111111001101111011101111111011110101010111111110100111111111111111111011111111010
1110111011111110111111010010101111111111011100101111110001111111101101111111111001111011110101110111
0011111111111111111111111111011111111111111110100101111101111111111110111111001111111111111101110111
1111011111110010011111111111111111010011000111101111001110110111011001111110111101000011111111101100
1111010010011101111111111011110110101111111101101101001111111111111111011111111111111111001101111011
0111011101101111111111011110110100111111111100110011011011100011001110111111111111111110111101111111
1010111101111111111111011111010111111111111101111001111111111111001110111111111111110111111111111111
1110111111110101111111001111111111001010111111111100101111110111011111110010111101111110111111110101
1110110011111001111111110111111011101100110100111110101101100011111111111111111110011111111111111111
1111111111111101111111111001111111111100100011101111111111111101111110011111111011111100111011101111
1101111111111101111111111111110111110111111111000010111111111110111010111111111111111111101101111111
1011111111111001111111011011111111001111111111111101100101111110111111110111111111110111111100001111
1011010111101111111110001111101100111111011111111011111111101101111111101110111111111111011110001111
1101110110111110111101111110110101111111001110111101111111101111101001101111111110111111111111101111
1011111011111111110111011101111111011111111111111111111110110111111110111111111011111010111110111010
1111111101111111110111010101110100101111111111111111111110111111111111111111100111011101111110110101
1111111110110100101111101111101110111011101101110101111111111111101101011111110111011110111111111101
1111011011111011111001011111111111101111011111110110111011111111111110111010110101111110110111111111
1111110111101111111111001111111101111100110110101111111011111100111111111111111011111011111111110011
1111111110111111101111111011111111111111111001111111111111111110111110101101111111111111011110111111
1011101101110110111111011111111011101111111011101111111111101111111011110111111111100011101111101111
1100000111111110111110101111011101011111111111101011111111110011111011111101110111111111110011101111
1101111001111110110110011101011110111110110101111101110111110001111111011111011111110011111111101111
1010111111110111001111010110111111111111111111111011101111111011111111111111111111111101101111111111
1111111111111111111011111111111111101111111011011101011110101111110111011011111111111111111111011111
1111111111110111110111111111100111111111101101010111111011011101111111100111111111111111111111111111
1001111111111111111110011011101110001011101000011101111111101111111111111011001111111011101111111110
1111101110111111010111110111100110111111111001100111111101111100111110111111011111111110111111111101
1101101011110100011010101101110111111111111111111110101011110111111111111011110011101111111111011101
1011111111111111110101011011101101101011110111101101111111000101111111111111111011111001111110111111
1111111100111100111110011111001011110111001011111111100111111111111111101101110110101110111110011011
1111110101111110101111110111101010111111111111111111111111111011111011111101111111111101110101111110
1110111111110111111111111111111011100111011110110111011111011111111010111111111111111111110110011111
1111111010011111111111011100111111011111111101111011101111111101111011110110111100111111111110111101
1101111101101111011010110111110111101111111111011010011111011101111111111111101101101001111111001111
1111011110001111111111111011011011111111101111110111100110011011100111111111110111110011111011111101
1101010111100111011111111111110111011111101010101111110111011011111111111001110111101110111010111111
0001101101111110111111101111011101101110101111001101110111011011101111111101111101011111011111111001
1111010110110111111100111111110110111101010111111110111111101100110111110011011111111111111111010101
1111111110111111101101111011111101111111110100011111110101111111110110001111100100011111111011110101
1110111111111111111111111110111110111111011110110111011111110111111111110011111111110111111111011111
1111110111111110111111101111111111101111011011101111111011111011111111111111011011111111100110100011
1001001111111110111101111110111101101011011111011111011110111100101111110111111111110110101101110111
1111111111101111101111111101110111011101111111101111011111101111110110111111110111101111011011111111
1111101111110110101111011111110011101111111101111111111111111101010101111111111101011111011000110111
0011111111111111011111111110111011001100011111011111111111101010111111110011101111111111111111101101
1111101111111110111111110010111011011100111101110111011011111110110111111101011111101010101010011111
0110110111111010110111011111011111010101111110111110101100111011111101111011111111110111101111111110
0111111000001111100111111101111100011011101100111011011111111011101111110111111111001111111010111111
1100101111111101111111111111111111110010101101110101111111001101010111111111111110111101011111111101
1110101011111111001100111101111001110111010111111100111111111110111011110111101111110101111111111011
1111111111111011011011111111111111111111011101011111111110100101101111110101001111101111100011111101
1101111011011101111111011111111111111110101111101111111110011111011111111111111110101101111111111011
1110111111111101111111111111111111011101111001101110101101011110011101111011111010101110011110011011
1101110101111111111010011101111111111111101011110110101111101111100001000110111111101111111011101110
