20 30
101001010000110101101001111010
001100000100011101110110011000
001000110110011101000111001100
110011011000001110000110010011
010111101001010101111011000111
101101100101000101000011110001
001101111001101101110100001101
100111000101000001010111011110
001100001011101110100001100010
011110110100110001101011011010
001000100101111001111011010101
000100001101011110000111110101
011000110110001100111111010110
000110111110010110110100001101
101010111011001001110110011000
001111101111100110101110011010
110100011100000100011111010101
011110100111101001011001100100
000011110010011010011101010101
111100011000110111101001100111
