50 50
00110011111101101000010010011100111111100111001101
00111000010011101110000011111110101100111011111001
00010110110111000000010001110110011110110111101001
11010111011101111011101110010101011110101101110011
11111100010011011101111111000000010101010111011000
10101111111101101100000001011100110000111100100001
01011111111011011001110101011011111011000000011011
10011110001111101111111111110011111000110110011010
10011001101001111001101101101010011011010111001101
00111111111001101001111111111011010011011110110001
01000111011101010001000110111011011010010010101110
01111101100000100111010111010100000111101011111101
00000110111011001100010010001111001111011111011101
01100101100000111101001000001101111111011011111111
01111001000110110011110000000101100101001101111110
00110001011110111100110110110101111110001111001110
00011000010110010011001010111011001111010001001000
00000100111101110011101100101011111111001100100010
10011001111011011111101111110001011000010111111001
10011100011111100100111111110111101010100111110100
10101110011001100011111100001110001110001101101101
10000111011101001101001100101111010110000111101101
00010111111011110100011111011011000110010100101110
11010011010011000101011110110101110100101111110100
01110001011111010100111010101111011100100001010011
10111101101110011101100011011111111000101011111111
11001100101110010011101110111000111111001101111110
10001011010001111110110011001100101111001111100011
11100110111000101011111001110001110110110111011100
01011101111010001111111010100011100101001110000010
10001111011010011010111111111101101100011101111011
11100011010101101011101010100001011101001011110111
10100000111101000100011010011110111110110111011110
11110011111110011101111110101101111110001101110011
10111111110010100111111010101110111111000010011010
00111001110010110001111100111010110101011010111001
00011001011111100111000101001011111011111110100101
10100111110011001010101011000100010110110000111101
11101101001011111111010100011100011111000011110110
10011001001101000100110010100100100000110111001001
01010011111110110001101000110011111011101111000100
11000011111111111101110001001111110011101110011010
11101111010000010101110011000001100100101101011111
01111001011111110001101111011111111001000011101011
11101101110001111100011011101111001011011101111110
00010011011011111011010011111001100010111110110110
00011010111110010001001110110110111111110011001000
00110111011000010011101010000001110100001100111110
10010010101110011100011110010111111110101100101111
11000000101011010011101100111001111001011010110101
