70 80
11111101111011100111111111110111111001110010101111111011110111110111111011111111
10111010111111111111110011011011111111111111001110001110110111011111111110111111
11111111111011011101001111101010011110011111101101101001111011110111110100111000
11110011110111101111111111011101101111111011111111111111010111111101001011111111
10010001000111011111111111110110111110111011101110011110000110101011110111100011
11111111110101100011100111101111101001001111010000101010110101010001110111111110
00111110111011111111111111010011110010111100011011101111011111101101110111101110
01101111111111111111111111001010101101111111001111111110101011110111111111111111
10111011011111110111011110111011110101100010011100011111101110111101011111110111
01111111111101001111011110101010111101111110111111101101010011111111111111010010
10001111110010110011100011111111111100111110011111111111101101011101111110111111
01001100000111111011111011100110111010100011110011100000011111110110111111011101
11111111111010111110010110110011000111111100101111101101010111110111111111101101
11110001111111100110111110111111101011111011100111101101001100111011010011111111
00010011101001001101001111111010101011100111111101001110111011111111101010010111
11110011011111101111111101011111110011111100101101110111111100010110101001011111
11011111111111110010001111100101011111011111010001111111110011111010000001001111
11001110111110101001011100111111101111110111000101111001111110101110101011101110
11111010101111110110011110101111011101110111111100111110111111010100110111101011
01111110011111111111111011111110011101111111101001111001001110100111100011111011
11110100010111111111101101111111110101001111001101101010111100100101110110111101
11111111111011111111111000111111100111011101001100010011011111101101100011000001
11111011110100110111011010011010101111110110111011000111111110101111111010111110
11110101111111100111011111001111101111111011111011111000001111101011110001111011
01011011011011110111110101100001111111100111100111111110101001100111111111101101
01110011101101001111110101111010110100110101110101011000110011011000101111110111
11101110011011111110011111011011100111111010111101111111011001011111111010101101
01110111110110101010110011111000111101101110101001110011111111111110011111000010
11111111001110110101101001111111110111010101110001011110101111111111011111100101
11001010111111111011110110110110110010111110011101011100011111011111111011111011
01111111111110010101101101001111100000111111111111111101111000111111111011110111
01111110100111111111101110100110111111101011110101001001010111111001110010110111
10111010101100101111100101111110110110110111110101111010111111101111101110110110
10111000110111010100011111100111111010001111010001110110111111101010111101111111
11110110101111001011110111100101110110100011100100100101010111101111010110011011
10000101111101101011111111111100110011011111101100010101011101000100100110101111
00101101110111111011011101011111011111100111111010111101111101110111111101110011
00001111011100111111011010011111001011011110111011011011100011010011111101101111
11111111111011101110111101111110111101110111101111111111111101101111101100100101
01000111111100111100100111011101110011111101111110111101100010101011010110100100
11111101101111111001111011111110111110111010011101110111111011011011011100001011
11111110100111011111110111111011100111010100101111001011001111011110111011111011
11110011110011111100001101111010111110110110111011000111111111111011110100110111
00110101111110010110111100000111101001111101011011111101010110111101101111010111
11110011011111111011011001010101110111110011110101101111011100110111111011111101
11011011111111001110110001111111101101001110101011101111100111111111101010100111
11001111110111111111101101111011111000010111111111011101111011111010010100010111
00011011011101100111100011110111011111001010111111110111111111010101101010110101
00101111111111111111111111010011111110111101011111110111101100011111101110101111
01111100110100101001011111010101111101110111111011001110100110111111110110110111
11011001000010111111011011111011111111110101101111101101011110001001110110111111
01111011111111111011000011111100011010111110000110001111111100111111111110110011
11111101100011010111101001011101111101101111111101011011110011111001001101011011
01100111011100111100101111010111011100011111000110011101110001111000011101110111
10110111001111101111010111111011011100001011111101011110100010111011101100110010
11011110111111111111101101110000011101110111011101111101101111001110010011010110
10001111111000100111011111111111001101101110111110101010111110111111100001010111
00110001110100111111111110111111001111110011011111100110011011111101110101000010
10100101100111100111111011100110100111101101101101111101001111111110111011110010
00110101111111010100000110001111110101111110111110010111101111101111011111101111
10111010011111110101110111111011101101111111111111111111111011010000101110100010
01111110111010110111101110111111111100101110110111111111000110100101100111011111
11111111110001011111111001011111111011010110010100101001111111111111110010110001
11110001100111101110001111110111011111101111110001111010100011011100110111100011
11111111011111010011110101111010111011101010110111101111110011010101111111010111
11111101110111001111111111101100111111111100111110100011011011111011110011110011
10110011001101111011011111011101010111011110111110011111010100110101011111110110
11111001111111101101110100110001101111111001101011010111111001111110001111111110
11010111111101101111011111101111110101110111111110101110111111111100101001101001
01111011111100100111110111111111011011011110001111111011101111110101110011101000
