90 100
1110111111100110111110101111101011101011111010111110110111111111111100010111111010111111111111111011
1011111111100001101111111101111011111110111111111011111101111101111101111111111111111111111111111001
1011111111111101110111110111011011111110100111010111111111011111111111111111111101111101111011110111
0111101101111011111011101101111111101111110111111111101011111111111101111001111111010011111111111101
1111111111111111011111111111010011101111111101111111111111111111111111110111111110101111110111111111
1111001110111101101111110111000111011111011111111110110111110100110101101111111101111101101010000111
1110111101111111111111011101011101101011101001111111111011110111111111110100111110011001101011011110
1111111100110111011111111111111011010111111111111011111111111111101111111010111111111111111111100011
1011111111111100111011001011001010001010111111110111101001111111011101011100111101110011111111111010
1111001010010111110111111111111111111111111111111111100111001111101111111111101001101111011110111111
1010111110001111001011111111010111111111111101011111011011111111110111011000111110111111011111110011
1111101111111110111111111110111111111101111111000011111100010111101111111011111111111111011111110110
1111011111011111110111110111111111111101110011111111011111111101111101111111111110111101111101101111
0111011101010101110101111011111111101111111111111111111011110111111011111111110010111111111011111110
1011011111011111011101111011101111110111101011111110111111110110111110111110111011110101111111101011
1101111011101100101111111011101111001010110111111111111111011100111111101111111111110111111111110111
1110111011111101111111111101111101111111101001111111101111101111111110101101111011111111011110110011
1111111111110001110101101011001111111111011001111101111011111110101111111111111111111100111101111111
1110011111111001011110111010110101111110111111111010111110111111010111110111111111011111101101111111
1110011111111111111011011111001101101011010101111110110111000110011111111111111111000111101111111111
1111110001111111010110011110011111001100111111011111111111101111111011111111011110101101011111101011
1111010111110100111101110101111111110011111111111111111111110110111011111111011101101111110111111011
0011111111111111111111111101111001011101111111111111111001111111111110111111101010111010111111110111
1110111111010111111110110111111011110111011111111111111110110110011110111111111111101111011101111100
1100111111111001111101111111110111011111011101111101111111101111001111110111111101010011111101111101
1011100110111111011111111111111111110101110111111110111111111111111111101011011110111101111011111110
1110111111011110101111110011111111111111101010111111011101101101111011111111001111111111011111110111
1111111011111011111111111111111101011010011111110111111111100111100110111100111111111111011101101111
1111111111110110110001111111111011111111011110111101100100100111111111011111010111111111111011111010
1100011111111011100011111011000111111100111010111100011111111111111111111111111101011111011111111110
1111101111010100101111111111111111111111011100111111110011001011111110111111111110101111011001110110
0101101111111111111111101100110111111011101100111111111101110100111111111110011111111110111110111111
0110111110111101111010111111111011001111111001101111111111011111101111001111010101110011101111111111
1111111111101010111111110111111111111110111010101011011111110111100110111001111110011110001111011111
1111111011111011111111100111110111111111100101110111011111110011111011101111111001101111001110111111
1111011111111111111101111011111111111001111111111111110111111011111111111010111110011011111111110111
1111111111111111111111111110101110011011111111111001111111111111111110111110110101111010111111001111
1001111111111101111101011111011111101011011111101111011111111111111011101101111111111111101111111111
1011111111111101101111111111111111110111011111110101111010101110101111111110111111101111111011110111
1110111111111001001111101111111111011111110101111100010100110110110101101111111011011111101011111011
1110101110011000111110111111111011111011111111111111101110111111101111100111101111001111011110110110
1111111110111111111111111111111101111111111111101111011010111111111111111111111101111011111111110111
1111111011111110101011110111000111101110111110111111111100101111101110111111101101011111101111111011
1111011110110111110110111111111011111111011111110111111111111111101111010010111101111111101111110111
1101111011111111101111100111111111111110111111011011111111111111011110001010111111111011111100111111
1001111110111010101111111101101111101011110110111011010111111111100111111011011101101011111110101111
1101111111111110111011111001011111101010110111101111001111111110111001111110111101101000111111101101
1110101110100111111010110001111111111110110110111111010111111011000110111001011011110111111011101111
0111101111111111011011101111111011111101111111111111111111100111001011110111111111101101111001011110
1101011111101111111001111011011111111011110011110111110111100011101111101111111111111101110110111010
1111111011111101101110111111111100110011111111011111011111111111000111111101010011111111110101111101
1110111100011011011111101111110111111111101001111101101101011111011111110111010111101001111111111110
1111111111111111101111111111011111110101111111111111001111011111110111110011101111111110110110101011
1111111111111011101011011001111111011111111101101001111111011110111111111111011000111111111111101111
0101111111111111101111111111111111101011110111111111111011111011011111010011111011011111011110111111
1100110110101111111111101111111111011111000111110101111111111011001111111110110111111111111000111010
1111001110001110011101101110111000111111100111111011111110111111111111101101100100111011101110110111
1110101100111111111110101110110001110011111001111111100111011111011111111110111111111111111110111011
1111011111111111111110101110111110111010111111101010101111110011011111111101100110011111111111111110
1011101111111011111101011101010111110111110101111111111011111111101111101111101101011101001111011111
1110010101111101111111010011111111111111111011111001100110111101110110001111111101111111011111111111
1110111101111111111111110111011111011111111110010111110111111111111111111111111111111110111101111110
1111111111101101111111111111011111111111111111100111110100110011101101100110111101010101101111111110
1111110110101101111111010101111101000011111111111011101101101111011101101111111111111111111111001111
1111100110011111111111101111011101101111010101110111010101101111001101111011111011111111111111111111
1111111110111101101001111111111011111111010111111111010110011101101111111111111011111110110111101111
1110111011100111110011011011111111110111111111111111111110111111111111100111111011011110110111111111
1001111101110111101110111001111101011011011111110011110111111111110111110111111111111101111110111011
1111101111001101101101111111010111100100111111101100111111111010110111111101011101110101101111111101
1111111111111101011011110111111101100111111111111011111110111111111011101110111101111111001011110110
1110111111110001101111101111111111111111101111111010101111111111101111111111111110111110011011111101
1111101111111011111101011111011110111110011011111001001111111111101111111101111101111111101110101101
1111010110111111111111111110111100111010110111111111111111111100101001111110110011011110111110111111
1011110111111001111101111101111100111010010101101001011100111101101111110011101111011101111110111111
0110111111011111101101111010111011111111001111110101111111001110011101100100111111110110111111111011
1011111110111110111111111010101011111011111111110111101011111010101011111111111111110011101111011111
0011111011111111011010110111101111011111111111111011111011111101010110011101111011100110111111110010
1111100101110111011111111101111011111101111010101111001111111101111111101101001111110111101111101110
1111111111000110111111101111111111101110001011111111011111111110111111111111110001101110111111111101
1101101111111101110110111010001101111111110111111111010011011111011010010111111111101110101111111001
1110011111111010000111011110111111011111101011111011110110101111111010011111101111111011111111110011
1011011111111100111111111110111111011111111101010110111111101111011111111111111011111101111001111101
1101111101111110111110111111011000111111111001010110000111111011111111110110111111111001101111111101
1011111011110010011111111110101101111011011111111101111111111101111011111111111011111111111111111111
1111111110111111101111111111011011111011110111111101001111010110110111111111110111111100010111100111
1111110111111001111101011110011110111111111111111110111110111001111111111111111011111111011101110110
1110111101111001111111010101111111011110110111111011111011111011111111110011111111110111111000110100
1111111111111011110000011111111111101111111101101111111101111111111111110101110011111011101111111111
1111111111011111111011111011110111100111110110111101011111110101111111010101101111111101111111111111
1110111100011101100111111111111111111011111111101101111111101000111101111110110111111111111111111011
