45
3 7
8 0
5 8
0 9
9 4
7 8
2 6
3 5
3 0
4 7
3 8
7 5
4 3
9 5
1 4
2 4
0 6
4 0
6 4
1 2
3 1
2 9
1 6
2 5
5 6
7 2
8 6
1 7
8 9
6 9
5 1
0 5
7 0
4 8
0 1
1 9
3 9
2 0
2 3
6 7
5 4
7 9
2 8
6 3
8 1
000001111122222333334444455555666667777788888999990000011111222223333344444555556666677777888889999900000111112222233333444445555566666777778888899999000001111122222333334444455555666667777788888999990000011111222223333344444555556666677777888889999900000111112222233333444445555566666777778888899999