45
4 8
4 0
5 9
6 8
8 9
9 3
6 7
9 7
8 7
0 1
3 2
0 7
7 2
1 6
3 5
5 0
4 7
6 3
1 7
2 1
6 5
4 9
4 6
4 3
1 5
3 0
9 6
1 9
2 0
8 3
4 5
1 8
5 2
0 6
2 6
1 3
4 1
7 5
9 0
0 8
3 7
5 8
2 4
8 2
9 2
000000111111222222333333444444555555666666777777888888999999000000111111222222333333444444555555666666777777888888999999000000111111222222333333444444555555666666777777888888999999000000111111222222333333444444555555666666777777888888999999000000111111222222333333444444555555666666777777888888999999000000111111222222333333444444555555666666777777888888999999