10
2 7
3 5
2 9
3 7
5 1
8 4
3 8
0 3
8 7
6 4
76826400829427285466375093590340738252584086628574837430446948799595924809931016414209025105078574901110298695786311484601766890127778993757732230782403366139749032172825976379919049264176633033036102592405829874321700086509828369097238142410037782609372498900490781752593378280275254956329032665584228348043530243256693041813164112653780906354083752042703415162912989876919365351108951000815197119458384945991280168210710523694136458195206901549273052715169204474149681739490014881506258033978860376