20
5 6
7 4
5 1
6 7
7 2
2 3
1 0
1 7
1 6
5 0
9 7
4 8
3 4
5 3
8 6
5 4
3 0
1 3
1 9
5 8
282499899631672921389851488860252951167577597765327840468968433899328855695318744135362685418607413904707947437428109557597940003599604569168549584214075525359408166688735787631404218831758194241655197567116607549126859188329506063343341978436711897851537997155227858541977705456022305795574952130491190920434062331776389640375522715349694368256658698454068421853763485204460922539268887045204070482008609501908072216951859857927631983940584542752479048571162747614977827260987768042049609259982582661667323123596065987020029746508210921253786498410527189271982837581789374655250719911426855253718969