30
5 8
2 4
6 3
8 0
4 7
7 0
2 9
0 1
4 9
3 1
0 5
0 6
4 8
8 2
0 2
1 2
1 8
7 9
5 7
8 3
5 4
6 7
7 3
1 9
3 2
9 3
6 5
4 0
8 9
1 6
2189086245062692814669145267272950626280025261593552746080816166947827626479925147196035153034563252544156024697572996171164315009803779055328243277182512972340482965633815935664860463553211836604214015216317729935432723865768213244372530965261983527216694165907655609163175767338251239880842532394280906613764267388435646981735982550260350998335740366929421854404757072896989040372413277217458493167177890029751664680957803728643436023310991896677050425596446963333290733852593957313410768162375429064659951689216092739965936615083643575641023642930264373673557627199457657671114672625994494780455820596465470592425716538486613893539152267071518645934658710275087967260227918599719941438546159675389