40
8 9
2 4
8 2
1 3
9 5
3 6
3 4
3 7
5 8
1 6
3 9
0 1
7 5
5 3
6 5
6 7
4 0
0 8
3 2
7 0
2 7
8 3
6 9
0 5
2 9
8 7
4 1
7 4
7 9
6 4
9 4
1 2
1 9
8 4
9 0
4 5
8 1
0 2
7 1
8 6
868549051868501846098617405152412799802242171892894780765110936766189306430922700740646209262331859544150064277890492368397189130206728239542013477424211582783039001935380426403852066581180822012695273290981678281977399809273720042656142327668465014278720469472035333626703351479600531962461720640664