10
2 4
1 1 1 0 
1 0 0 0 
0 1 1 1 
1 1 1 0 
4 3
1 1 0 
1 1 1 
0 0 1 
0 0 0 
0 0 1 
0 0 0 
1 0 0 
0 0 0 
7 8
1 0 0 0 0 0 1 0 
0 0 0 0 1 1 0 1 
0 0 0 1 0 0 0 0 
0 0 0 0 0 0 0 0 
1 0 1 1 0 1 0 0 
0 0 1 0 0 0 0 0 
0 1 0 1 0 0 0 0 
1 1 1 1 1 1 0 0 
0 1 0 1 1 0 1 1 
1 1 1 0 1 1 1 1 
0 0 0 0 0 0 0 0 
1 0 0 1 1 0 1 0 
0 0 0 0 1 0 0 0 
0 1 0 1 0 0 0 0 
10 10
0 0 1 0 0 1 1 0 1 1 
0 0 0 0 1 0 1 1 1 0 
1 1 0 0 0 0 1 0 0 1 
0 1 1 0 0 1 0 1 0 0 
0 0 1 0 0 0 0 0 1 0 
1 1 1 1 1 1 1 1 0 1 
1 0 0 1 0 0 0 1 0 0 
0 0 0 0 1 0 0 1 1 1 
0 0 1 0 1 0 0 0 1 1 
1 1 0 1 1 0 1 1 0 1 
0 1 1 1 1 0 1 0 0 0 
1 1 0 1 0 1 1 0 1 0 
1 0 0 0 1 0 1 0 1 0 
1 1 0 1 0 0 0 0 0 1 
0 0 1 1 0 0 0 0 0 0 
0 0 1 0 0 0 0 0 0 0 
0 0 0 0 0 1 0 0 1 1 
1 1 0 1 1 1 0 0 1 0 
0 0 1 1 0 0 1 1 0 0 
1 0 0 0 1 1 1 1 1 1 
10 11
0 1 1 1 0 0 0 0 0 0 1 
1 0 1 0 0 1 0 1 0 1 0 
0 1 1 0 0 0 1 0 0 0 0 
1 0 1 1 0 1 0 0 1 0 1 
1 0 1 1 0 1 0 1 1 0 1 
0 0 0 1 0 1 0 1 1 0 1 
0 1 0 1 1 0 0 1 0 1 0 
1 1 1 1 1 0 1 0 0 0 0 
0 0 1 0 1 1 0 0 0 0 0 
0 0 1 0 0 0 1 1 1 0 0 
1 0 0 0 1 0 1 0 0 1 0 
1 0 1 1 0 0 0 1 0 0 1 
1 1 0 0 0 0 0 0 0 1 0 
0 0 0 1 0 0 1 1 1 1 0 
0 0 0 0 1 0 1 0 1 0 1 
1 0 0 1 1 1 0 1 1 0 0 
1 0 0 1 1 1 0 0 1 0 0 
1 0 1 0 0 1 0 1 0 1 0 
1 1 0 1 0 1 1 1 0 1 1 
0 1 0 1 1 0 0 0 0 0 1 
13 18
0 0 0 1 1 0 1 0 1 1 1 0 0 0 0 0 0 1 
1 1 1 1 0 1 1 1 0 0 0 1 1 1 0 0 1 1 
0 0 1 0 1 1 0 1 1 1 0 1 0 0 1 0 1 0 
1 0 1 1 1 1 1 1 1 0 1 0 0 1 0 0 0 1 
0 0 0 0 0 0 1 0 1 0 1 1 0 1 1 1 0 1 
1 0 1 0 1 0 0 0 1 1 0 1 1 0 0 0 0 0 
0 0 1 0 0 1 1 1 1 0 1 1 0 1 1 1 0 1 
1 0 1 0 0 0 1 0 0 1 1 1 0 1 1 0 0 0 
0 0 0 1 1 1 1 1 1 0 0 0 1 1 0 0 0 0 
0 1 0 1 1 0 1 1 0 1 1 1 1 0 0 0 1 0 
1 0 1 1 0 1 1 0 1 1 0 1 0 0 0 0 0 1 
1 0 1 0 1 1 1 0 0 0 1 1 0 0 0 1 1 1 
0 1 0 1 1 1 1 0 0 1 1 1 1 0 0 1 0 1 
0 1 0 0 1 0 0 0 1 0 1 1 1 0 0 0 0 1 
1 1 1 1 1 0 0 0 1 1 0 1 1 0 1 1 0 1 
1 1 0 1 0 0 0 1 0 0 1 1 0 1 1 0 0 1 
0 0 1 0 0 0 1 0 0 1 1 1 0 0 1 1 0 0 
1 0 0 0 1 1 0 1 0 0 1 1 0 1 1 1 1 0 
0 1 0 0 1 1 1 0 1 0 0 1 1 1 0 1 1 1 
0 1 0 0 1 0 0 1 0 0 1 1 0 0 1 0 1 0 
0 0 0 1 1 0 1 1 1 0 0 1 1 1 0 1 0 1 
1 0 1 1 0 0 1 0 0 1 0 1 1 1 0 1 0 1 
1 0 0 0 0 1 1 0 1 0 0 0 1 1 0 0 1 1 
1 0 1 0 1 0 0 0 1 1 1 1 1 1 0 0 0 0 
0 0 1 0 1 0 0 0 0 0 1 1 1 0 1 1 1 0 
1 0 1 0 0 0 0 0 1 1 0 0 0 1 0 0 1 1 
5 30
1 1 0 1 0 0 0 1 0 1 1 1 0 1 0 1 1 0 0 0 0 1 0 1 1 0 0 1 0 1 
1 0 1 1 0 0 1 1 0 1 1 1 1 0 1 0 0 0 0 1 1 0 1 1 0 1 0 0 1 1 
1 1 1 1 1 0 1 0 1 1 1 1 1 1 1 0 0 0 1 0 0 1 0 0 1 0 0 1 0 1 
0 0 0 1 1 0 1 1 1 0 0 1 1 1 1 1 1 1 1 0 1 1 0 0 0 1 0 1 0 0 
0 1 1 1 1 0 1 1 0 0 0 0 1 0 0 0 0 0 1 1 0 1 0 0 0 0 0 1 0 1 
1 0 1 0 1 1 1 0 0 1 0 0 1 0 1 0 0 0 0 1 1 0 1 1 1 1 0 0 1 0 
1 1 0 1 1 0 1 0 0 0 0 0 0 1 0 1 0 1 0 1 0 1 0 1 0 1 0 1 0 0 
1 1 1 0 1 1 0 0 1 1 0 1 1 1 1 0 1 1 1 0 0 1 0 0 0 1 0 1 0 1 
0 1 0 1 0 1 1 1 1 0 1 1 0 1 0 0 1 1 1 0 0 0 1 1 0 0 1 1 1 0 
1 1 1 0 1 0 0 1 1 0 1 0 0 0 0 0 1 0 0 1 0 0 1 0 1 1 0 0 0 0 
15 17
1 1 1 1 0 0 1 1 0 1 1 0 1 1 1 1 1 
0 1 0 1 0 1 0 1 1 1 1 1 1 1 0 0 0 
1 1 1 1 1 1 0 0 1 1 1 1 1 0 1 1 1 
1 1 1 0 1 1 1 1 1 1 1 0 0 1 0 1 0 
1 1 1 0 1 0 0 1 0 0 1 1 1 0 0 1 0 
1 0 1 1 1 1 1 1 0 0 0 0 1 0 1 1 1 
0 0 1 0 1 1 0 0 1 1 0 1 0 1 1 1 1 
1 1 1 0 0 0 0 1 1 1 1 0 0 0 1 0 0 
0 1 1 0 1 1 0 1 1 1 0 0 0 1 0 0 1 
1 1 1 0 1 1 1 0 1 0 1 1 0 1 1 1 0 
1 1 0 0 1 0 1 1 0 0 1 1 0 1 1 1 1 
0 1 1 0 0 0 0 1 1 1 0 0 0 1 0 1 1 
1 1 1 1 1 1 1 1 1 1 0 1 0 0 1 1 1 
1 1 0 1 0 1 1 1 0 1 1 0 0 0 1 0 0 
1 1 1 1 1 0 1 0 1 1 1 1 1 0 0 1 1 
1 1 0 1 1 0 0 1 0 1 1 1 1 1 1 1 1 
0 0 1 1 1 1 0 0 1 1 0 0 1 1 1 1 0 
1 1 1 1 1 1 1 1 1 1 1 1 1 0 1 0 0 
0 1 0 1 0 1 0 0 0 1 0 1 0 0 0 0 0 
0 1 1 1 1 0 0 0 1 0 0 1 0 0 0 1 1 
1 1 1 1 0 0 1 1 0 1 1 1 0 1 0 0 1 
0 0 0 1 0 0 0 0 0 1 1 0 1 1 1 0 1 
1 1 1 1 0 1 1 0 0 1 0 0 0 0 0 1 1 
0 1 1 0 1 0 1 1 1 0 0 0 0 1 1 1 0 
1 0 1 0 0 1 1 1 1 0 1 1 1 0 1 1 1 
0 0 1 1 1 0 0 1 1 1 0 0 0 0 0 0 0 
1 1 0 0 1 0 0 1 1 0 0 0 0 1 1 1 0 
1 1 1 1 1 1 1 1 1 0 1 1 0 1 1 0 1 
0 0 1 1 1 0 0 0 0 0 1 1 1 1 1 0 1 
1 1 0 1 1 1 1 1 1 1 1 0 1 0 1 0 1 
1 100
0 0 0 0 0 0 0 0 0 1 1 0 1 0 0 0 0 1 0 1 0 0 0 1 1 1 0 0 0 1 1 0 0 0 1 0 0 0 0 1 0 0 1 0 0 0 0 1 0 0 0 0 0 1 0 0 0 0 0 1 0 0 1 0 0 0 0 0 0 0 0 1 0 0 0 0 0 0 0 0 1 0 0 0 0 0 0 0 1 0 0 0 0 0 0 0 1 0 0 0 
1 0 0 0 0 0 0 0 0 1 0 0 0 0 0 0 0 0 0 0 1 0 0 1 0 0 0 0 1 1 1 1 0 0 0 0 0 0 0 0 0 0 1 0 0 0 0 0 0 0 1 0 0 0 0 0 1 0 0 0 0 0 1 0 0 0 0 0 1 0 0 0 0 0 1 0 0 1 0 0 0 0 0 0 0 0 0 1 1 1 0 0 1 0 1 0 0 0 1 0 
1 1
0 
1 
