20 20
  67 131 157 191  53  79  11 253  35 115  94 216 141  98 157  39 105 207  11 125 183  37 247 222  35 136 246 148 182  80  66 197  29  35 198  67 185 211 254  15   2 186  37 225 219 227 192  99  41 184 126 169 145   4  37 138 229  69 137 211 157 249 227   7  62 203 249  90 184 111 156 134 250  62 204 242 127   2  32  86 108  73 109 178 199  44 116  36  73   3 253 192 231 209 152  21  85 121 143  29 113  22 136 117  82 103  25 208  56 142 252 190  93  76 203  17 154 201  61 158 142 197  48 155  25 115  62 201 195   0  55 245 106 151  94 255 198  60  61 187 161 232 165  30  40 221 206 173   1  10  23 133 107  54 167   5 231 107 246  32  85 213 213  31 204 121  69 143 232 196 103 145  31 223 164 225  25  64 215  40  16  15 236  76  57 212 236 214  28 166  97 176 204 125 252 205 225 171  69  33  25  45 210 168 211 220 255 233  27 149 195 112   2  16 198 187  27 234  28  10 225  69  28 127  48  59 117 194 208 190  67  94 108  39 178 253   5  52  28 101 201 229  15 180  84 146 206 210  55  80 215 183  83  28   2 22
 185 184  29 187 234  38   4  16 255  68  89  99  95  66 144  28 157  93 143  59
 249 240  88 155 112  40 163 206 169  15  83 115  92   9  23  60  22  14 166   3
 107  30  82 177 252 209 247 193 236   1 123 177 151 216  84 173 176 222 231  49
  37 189 161 145  81 218  21 127 120   4 158  22 135 200  53 253 145  55 125 162
 145  44  71 169  85  85   0  10 174 150 200 121  69 140  51  21 162  64 234 129
  85  76 169 206  78  12  95 240 199 158  85 161  90 192 185 216  29 215 234  82
 231 166  83 198  20 146 207 189  94 103 203  47 187   0 165 100  66  74  14 166
 139 132  87 213  23 178 248 231 156 160 193 217  94 248 120 177 224  53 223 120
 153 142  82 110 120  13 149 198 100 119 103 175  12 188   0 136 157  10 144 115
  67 202  90 167 151  10  14  65  60  51 111 108 105   7 127  19  32  53 158 150
  63  26 112  15 192 108 109  58 197 230 114  13  73  62 175 118 157 237 204 246
 254 156  51 240 233  57 179 235  10  13  13  41 221  79  20  62  95  14 100 157
 108 117 242  58 167 188 219 183 255  72  82 194  65 211 127 146  56 159 180 180
  82 254  79 137 206 198  34  40 229 113  76 151 116 254 199 116  25 215  32 142
 205  84  31  11  98 146  78  19 121 200 173  34 215  70 248 115  39 195  79  45
 147 183  49  67 193 216  15  39  34 248 227 208 159 223 152 170   5 229  61 102
 212  87  44 219  61 246 190  89 128  29  48  34 237  87 195 239  59 113  73 181
   7  88 171  12 141  75   8 238  16  44 142 180 114   2  35 123 235 243 124  97
 244  65  66  79 187  26  84  31 209  73  90 114 209   8  38 127  55 142 156 154
 174  28  38  91 131 149 232 144  13 247  48 101  35  46 227 111  11  32 221 136
279