10 15
 253 169 220 194  17  45 215 229  56  90 146 209 189  93  83 135  87 116  77 220 191 118 128  35  98 160 130 232  87  85 180  20 234 103  11 187 230 185 180 214  20 193 160  87  24  93  21  51 119  59 129 219 178 203 179  28 134  52 129 149   9  35   6 189 148 109  60 116 191  93 117 185 206 161 144  44  48 169 219  44 164  25 247  44  13 146 229  76  14  53 148   7 127   1 252  97  37 204 190  46  20  74 217 112 233 169  92 232  46 108   2 232   1  13 166 136  84  56  92   8  14 118  18 205 176 122 222  95 176  69  97 197  52 205 147 255  90 235  13  25 134 223 118   7  34  75  27 224  78 208
  95 186 130 142 135 146  94 223 117  64  63  87  68 246  44
 223  27 103  24 132 129  44 128 185 115 209 235   4 212 193
  27  45  51 202 254  25   7   5 166 212 213  65 213 133 235
  80 238  78 150 208  82  67   6  75 115  12  75 208  50 214
  14  84  71 161   2 134 206  32  44 233  56 163 113  85  51
 208  28  46  81  34  59   9 131  97  19 118 164 169 255  46
 176 157 122 230 106 213  57 118 127 193 119  36 113 116 246
  52 220  35  70  23 214  60  84 220 131 111  98 180  24  11
 212 166 242 118 130 224 111 191 123  41 176 130  94  95 127
 150 194  28 230  73  74 213  82  34  93  26  59 101 163 208
143