20 30
  69  98 109  51 135 131 192  16  16 195 200 207 244  21 221 170 245  99 188 207 222 201  56 198 200  43 171  21 106 196  46  15 232  54  70 242 141  13 145 151 192  96   5 133 239  43   9  82 183 115  44 225  91 143  92 240   7 240  66 131  49  17 187 147  38 243  75 225 216 100 109 234 248 232 194 238 150 103 103 153  54 103 157 191  95 205 227  23 197  96 112  80  99 145  39  16 157 243 239  57 134 185 140  50 145  66 198 190  21  35 135  98  13  69 122 157 223 245 170 131 221 222  99 138 202 203  14 154 187  98  83 195 223  13   6  68 153  26 119 132 252 223 110 106 247 214 240 140 104 177  20  56 111 182  52 134   2 191 142 194 233 187  80  29  21  92  51 159  86  16 207 186 234  50 220  94 199  18   0 226 183 138 255 218 135  96 253 111 186 136 133 113 231 181  93 191  69  14 211  26 133 182 181 190  79 228 120 224 232   6   9 251   7 255  84 254  20  40 181 234 225 154 101 140   4   2  70 172 174  53 129 185 193 156 203 153 158 207 131 254 102 207  69 183  15  94 204 141 184  92 116 106 246 217  52  97  44  45 131 171  53  75 139  65 118 175  71 148  36 203 188  35  94 191   8  91 160 254 122  15 222 239   2 105 103  16  12 160 124 118 196  63 192 186  23  67 105 208  61  69 202 187 141 239 250 228  66 218 180 232  65  48  24 254  16 157 164 102  74  82 165 176 245 182  24 236  41 205  19  18 207 211 243  74 185 226   4  61 191  14  74   7 223 177 199  55  47  57 122 253 195 108 109 196 251  28  98  31  57  53 160 138  45 213  50 134 218  64 117  22 162  29  15 251 109 106  33  18  12 178   1 171 222  55 146 207 237  44 140  17 144  33  73 102 176  49 171 196 167  77  42  60  47   2  47  23  52  64 149 202  18  64  46  54 233 147 200  16 222  95 170 110  85 236  25 154  64 179   8 196  31 218 107 250   5 207  63  77 192 134  69 209 164  47 150 176 240 135  33 112  67  23  65 178 236 125 253 144 154   8 125  21  81 252 226 182 255  94 120   1  76 207 134 128 236  54 226 216 187  97 112  38 157 143 195 254 155   5 127  20 212 172 139 195   9  92 236  50  64  29  35  97 183 194  53 214 122 187 183 110  53 183 152 218  29  91 161  78  97 154  34 123 133 117 234   2  41 206  76 103  73 100 165 185 204   0 142 163 141 220 179 125 212 152 200 166 122 243 210  90  85 163  18  97  70  97 192  42 235 174  43 149 228 182 110  12 143  88  84  89   7 176 106 203  31  13 109 184 171  60 235 146 173  97 232  87  12 219 249  51 208 141 122  55 243  14 232 145 209 202
  60 252  83 165  58 187 218 171 104  37 170  53  24 251 250  64 199  48 221 157 123  54 252 116 239  76  63 122 103  16
 227  89  74 234 184 220 216  22 143 235 162  96 252 102 147 206   4  95 182 224  91  80   4  16  60  72 226 188  24  44
  43 182 138 133 214   0  91 127 163 154 140   5  95  80 163  46 168 228 177  89  61  35 219 180  63 164  77  17   9  72
 239  47  96 195  57 244  51 185 252  52  56  63  11 252   2 196   8 127 118 186 212  42 174 125  80 105 174  84 122  41
 137 134  32  49 200 222 150 189  55  35  67  22 122  81 234   2 241 160 252  66 224 161 100 133 226   7 145 131  21 216
 179  32 139  37 106 211 230 131 104 171  59 223 182 178 143 113 170 130 152 217 174  81 142 191 123 208  53 107  91 138
 124  57 140 183  59 228 243 170   6   0 156  64  29  35 197  10 227 146 113  22 102 124 183 123 234  14  88  35 135 234
  75 122  48 213  60 230 202 153  66  63  52 123  67 173  64 186 192 150  35 254   9 145 204 166  15 131  38  89  94  76
  60  88 230 195 192  95 159 214 110  45  67  16  65 233 145 219 137   1 220  62  66  81 223 247  68 139  22  33  51  68
  20 205  60  28 146  73   3 222  53 231  96 157  72 141 197  21 225 101  99 233  51  96 118 122   5 128  71 114 141 255
 203  67  36 220 243  50 154 101  15 172  33 171 220 249   3  28  23 161 173 155 187 250 193 208  58 191  50 152  84 180
 155 188 103 160  93  98  80  43  47 226  66 118  44 233  35 102 142  21  85 254 151 128   3  75 104 211  76 184 190 225
 238 194 202 236  72 119 177 253 200  41  98   1  60  64 193 154 123  29 100 198  97 116  99 204  49 141 238  35 175  80
 167  47 157  30   8  22 112 187  56 254  83 230  44 117 226  95 239 239  44 107 102 112 224  30 251 235 191 255 251 238
 169 201 144 139 236  94 167 181 169  48  44 106 109 172 103 103  91 127 107  73 131 177 216  72  60 237 107 252 172 120
  28 214 197 183 189  49 104  47  93  56 124 112 236 253  21  91 211 115  21 157 140  63 210 100  98 118 163 162 228 211
 121  99 196 242 209   1  25 146 166  77  70   2  57 232 250  34 208 104  19 169 192  11  78 155 108  11  16  25   4 214
 186 247  43 188  70 203 224 229  49  82  60 141 222 106 245 218 254 252 165 218 174 141  80 113  81  93 172  69  83  65
  23 243 102 164  78  22 221  95  71 243  55  74 197 214   9 187 133  91 194  96  33  77  16  23 254 200 216 183 239 195
 255 243  85  58 133 202 239 150 165  34 163  15   1 134 225  33  12  52 135  84  52 216  84 241 135 179  71  95 203  15
360