15 25
  19 253  17 155  69 154 179  91 165 114 142 167  99  39  28  87 199   6  17  60  63  56 219 124 136 116  67  93 232 251 228  70 185 173  49  56 196  12 140 245 235 204  59  68  60 119  68 142  61 178   9 142 210  68  33  32 218  19 120  72 251  77 219  36 131 182 119  24 199 187 152  66 237 177 214 175  73 101  14  77  67 250  86 136  65 117 109 252  37 197  58 223  73 171   5  30 122   9 121 208  69 188  57   8 143 139  32   3 110  34  23  26 249 119 166 167 125 112 109   7 146 164 203 224  27 190 237 193  10 154 106  81 128 248 115 111 253  30 247 157 213  87   5 194 119  48 228 253  72  19  15  72   7 162 199 113 233 228  69  43 140 138 173 253  98  10 195 183 209  35 194 235 191 207 111  94  52 102  80 194 121  47 219 229 166 158  50  48  25 168 146  85 114  94  43  24 167  45 198 121 139   6 154 191 250 120  76 211 148  17 150  66 125 125 143 128 132 215 144  39  32  85 190 172 239 114 228 171 192 222 148  12 160 226  13   6  38 161  57   4  94 210 127 193 234 123  54 211  21  77 139  75  19 244  97  99 111  13 236 168  58 228 247 143  84  26 110  28 115  52 232  18 200  90  26 211 231  65 202 116 234  96  21 150  61 156 195  42 126   4  28 245  12 140  55 138 200 179 214 246  50 211 205 248 212 142 138 198  23  39 240  61 138  95 200 138 184 207  23 187 140 197 177  69 108 252 114 133   6  37 170 140 135  47 153  39  91  57 206 162 167 247 144  10 218  99 133  33 145 103  32 215  28 178 194  68 154  81  51 192 146 161  68  11 148 197 127 231 250 192  82   1  15  37 254
 196 171 211 136 155 100 252 124  50 158 153 194  77  72 206   5 215 134 158 200  72 250 165 226 201
  19 184 184  15 159   4 163 242  54  75  32  33  69  77 197 156 198 142  37 192 240   3 254   6 115
  80 125 216 249 160  95  12  17  84  59 235 187 247  73 222  42  65 100  19 142  37  42 201 227  24
  94  12  27  28  17  12  52  67  35  91 243 173  18 195 106  47  79 120 125  50 113 219   1 119 251
  15  57 192 169  27 197 162  97  81  71 234  60  61  76 108  89  82  73  21  84  18 182 162 163 119
 142  90  51 190 200 144 254 249 144 250 121 250  78 248  21 115 196 102  49 113 211 161  52 128 178
 201 180  35 162 112 214 109 104  55  92 225  34  24 252 246  53  86   2 208 117  78  85  24 183 168
  85   3 116 158  61 238  56  94 245  35 239 188 127 164  91 182 105  35  68 122 246 113  28 248 225
  13  69  58 241 172  27 241 193 213 113   2 110 234  58   9  13  66 114  15  38  41 139 233 144 229
 248   8  99  24 142 172 229  35 221 182 170  95 189 162  68  73 156  80  57   2 106 168  39 181  19
  84  72 207 239   3 184  14 156 248  44 223  38 222  20 138 112  33  57  36  61  68  95  73  94 239
 129  12 206 185 161 182 208 220  87  41  81  94 123   7  34  98 177 250 213 160 166 189  68  59  73
 179  17 127  71  63 178  43 158  32 193  97  15 130 186  91 183 147  82 118  43 190  16  68 194 230
 223 168   9  57 180  45 120 135 131  35 231  28  40  51  93 154 241 103  54  88 244 233 194  41 100
 235 201 166 127 127 166  95 221  79 219 131  47 127  90 223 176  35 219  83 228  26 253  28  96  56
259