25 35
  95 162 166 113 212 235 204 247 110 194 139 134 188 172  21 180  48 225 181 241  61 178 237 156 240 149 247  48 143 211   4 117 111 222 199 188 122 197  90 126 211  13 207  69 149 217 124 216  60 190 249 200   9  88   1  73  75 123 152 234  50 187 151 126 111  96  44 160 104 150 213  44 235 131 132  40 200   7  20  82  58  20 217 239 250  85 161 230 122 165 131 113 142 209  18 188 130 100 165 139  58  65 147 157 204 168  11   6 231 253 104  24 230 195   7 246 224  20   5 177  95 197 119  25 254 186 252 100 162 248  44 128 170  23 116  70  62 159 193  19 200  81 213 223  12 113 199  64  94 197 212 123   5  57 248 211 220  55 136 192 230  21  75 133 238 204 215 212 246 233  71  12 165  62 186 250 201   3  68 184  30 184  14  53 101 198 134 121 156  74  74  47 115  21 119  89 181  62  75 162   3 109 180 244  43  58 167 139 161  23 232 103  47  26  55 228 173  66 203 202  24 161  48 248 126  37 200 182  12  67  85  26  17 149 203 126  59  82  22 240   0 195 217 151 243 180 146 201 217 221 176 193 119 213 215 193 134  76  32 161   4 188 254 207 237  12 196 213  49 125 190 209 232  59  59 224 235 240 115  49 104  45  85 178 211 101 138 161 135  36 209 247  14 208  93  59   9 144 128 150 156 222 174 145 249 239 168   0 206 144  50   6  69 161 249  97 221 191 164 124 223 225 198  60 130 236 240   9  64  21 131  67 151  71  87 252 199 241 148 169 212 224  93 170  45 156 166 112  17 201  72 117 160  63  32 122  42 250  78   5  56  39 220 141 245   5  44  49  80 164 129  42  13 177 245 213  65  28  69 114 214  83 216 171  35 233 107  48 186 248 146 104 227 202 121 194  52 212   3 206  46 180 122 234 233 189 225 202  18 220 242 121  56 250 193 172 210 172 225 230  28 239 218 217 145 231  29 229 198  57  25   4 205  69 103 130 192  99 138  96 190  20 208 212  89 230 148 126  26 156  98 178  11  82  93 114 185 186 255  83 201 245 215 212 168 201  34   7  52 116  89  89 234 203  40 108  45 218 126 173   5 173   9 191 113 173  28  92 135  55  94 109 197   7 131 176  96 100  28  77   0 135  79 191   7 102 238   2  27 148 137  39 116  94   7  45 223 150  98 135 178  85  90  15 204 214 106  98 174 164  59  45 182 248 126 178 145 196 128  61 131 181  62 226  16 168  10  36   7 184 194 242 153 120 162 249  40 222  58 156  78 152 160 238  55 127 210 185 224 181 247  38 151 147 192  59  11 193 105 101 101 104 131 178 146 185  46 156 194 148  68  46 131 204 244 188  92 248  21 129 237  75 226 186  42 200  84 186  47  61 240 217 151  19  32   3 141 221 167 140 209 133  99 200  94 248 178  16 184  36  13 150 131 144 239  24 165  89 105 165  49 204 173 245 196 216 238   6  61   1 150 126 227  25 241 200 220 118 254  23 145  44  42 181  21  33 213 196 230  17 178 155 113 135  90 111 203 202 179 128  69 161 114 156 234 114 187 206 114  80  29 147  44  36  15 181  52  23 141  42 198 158 130   9 225 128   6  56 236 100   0  49   8  36 134  57 214 217  59 130 252 156  63 147 222 176 255  79 107 130 229 251  19  50 132 151 101 226  93  93  49 116 202  12  60 130  19 231 166 140 244 251  35  49 128 243 137 134 190 119 231 242 236 227 126  15 117 106  62  45  21 247 182  88 200  62 113  59  73 130 252  40 171  76 226  34  58 188   3  72   0  64 250 106 113 114 228   2 129  10  36 237  32 139  85 179 171   5  16  59 217 179 247  27  50 165  38 151 153 225 149 213 117 223  70  30  29 106  20 193 175 210  21  41  26 139 161   5 230 124 127 231 169  53 247  30 240 254  91 237  85 129 191 178 193 136  99 111  64  74  94 124 180 148 211  96 169 203  63 146  53 145 102 169  48
   8 146  16 187 242  40 112 228   0 240 217  78  28  25  16 237 120 184 167  52 248 247 212 226 117 168  65 188 247 124   2  40  26  84  47
 189  74 114 181  29 128 122  90 193 167 140  37 139 230 229 123  59  95 210 197  38  48 225  95 203 194 155  40  28 176  60 248 156 213  29
 192 178  73 222  60 197  91 129  95 250 216 234 221 197  37 150 152 138 245 112 193   9 186  10 231  83 254 180  94 132  79  50 168 124 117
 255 210  85   7 107 226  82 173   2 218 127 143   1 225  73 203 204 148 180 252 174 158  11  14  76  12  37   7 162 251 151 114 101 162 114
 146  35 201 113 152 143  56 156 119 179 166 224   9  15  55  14 181 209 161  65 190 183  95 180 226  64 184  99   3  59 102  35 242 229  33
 248 161  20 109 210  74  50  96  19  91 245  64  95  40  34  53 186 191 202 105 232  87 194  83 133  63  81  14 112  54  81 233  76 163  60
 165  91  12 230 254 231 194 224 119 242 173 178 151 253 149 128 239 253 115 196 180 230 143  27 187 101 127 107  24 152  76 209 192 244  81
  30 225 167 147 215 217  22 174 249 245  85 155 249 107 179 212 198  56 178 178 177 197  20   0 156 150 201  34 198  81 224  68  10 225 226
 117 131 150  30 170 207 115 211 254 120  11  78 175  42 174  89 186 207 182 146   3 176  65 144 122  47 160 229 161 192  70 107 100  49  19
  96  52 117  39  72 191  97 176 150 204  55  90 144  13 211  77 248 230 216 234  98 129  69 168  76 188  56 208  86 178 213 233  56 243 139
  29  78 179  66 240 216 135  26 245  79 103 194 124  98  23 166  85 121  53 100  26 228 122  81 175   0   3   2 227   5 161  24  84  62 132
 200  20 226 206 224 171 211 213  68 106 242  29  20  60 211 106  13  88 254  85 202 139   7  79 243   3  41  13 134 191  58 175 197  26  10
  39 126  28 157 185 164 114 205 145 126  77  49 200 229 122 113  90  74 126  76 225 134 126  12  27 163  69  36 134  49 180  38 169 203  91
 112 202 210  34  27  30 163  39  25 201 180  77 150  44  90  20 247  92  60 187  25 193 162 193 163  45  39  70 147   0 129 242  85  19  97
  60   9 135 169  96 211 189 103  78  75   0 102  82 114 178  59  88 190   9  25   2  36 159 229 236  50 108  64 219 153 241 138 183 201 159
  23 130 110 199  16 179 243 160 193 172 107  45  77  37 110  20   1 203 213 168 205 114 101 192 139 136 204  23  40 191 144  81 218   9 187
 224 226  98 115 106 159  12 213 104 223  38 161  19 186 212 171 234 103  89  21 101 202 220 195 140 187 176 150 151  66 102  79 209  55 248
  54  80  25 210 231  85   3 149 210  77   6 199  92 218  93 217 173  86  71  47 150 169 103  31  25 132   2 255 132  58 138 195  41 216  45
 206  26  54 112 222 127  30  10  68 100 194 127 217  31  35  50  78 161  29 243 210  89  60  52  44 119 144 126 200 190  27 188  71  46 166
 126 160  43 244  81 221   3 191 190 248 221 240 159 121 134 235 202 194 155 249  84  59  10  24 214 189 235 200 139 248  36 143  43 178  94
  81 201  26  59 194  49 135 224 117 131  99  39 104 254  32  40   6  65 109 226 239 123  16  43  32  68  14  67  51  26  28 161 206 196 118
 213 144  20 140 164 253 187  52 175  64  65  77  78 196  64 247 105   3 123 222 123 249 115  43  23  37 143  26 134  20 249  96  92 195 196
 193  40 105   6 138 138 111 235 224  94 170 249   2 204  25   5 252  92 189 138 101 108  79 117  29 157 227 130  59  32 201 197 147 241  45
   6 116 103  74 248 163 171  63 121 171 252 199 110 242 214 106 222  71  86 236  89 201 127  13 220  94  51 226 189  35   6  79  68 117  59
 117   7 150 143  32  47   3 176 121  48 251 114 145 169 206  43 140 109 247 197 121 235  21 110  37 119  72 244 109  42 135  64 236  93 234
447