800
654
692
165
487
256
756
83
671
598
193
379
227
60
450
170
762
499
594
643
506
270
356
327
258
3
54
505
194
753
579
747
82
557
745
712
77
593
540
111
393
317
502
391
15
460
110
560
55
301
590
665
350
420
226
686
255
790
25
46
86
566
89
659
221
567
279
500
151
699
153
597
707
717
627
401
469
705
496
95
495
36
465
548
305
100
504
629
392
731
498
275
371
451
551
718
145
530
386
689
524
299
544
87
752
445
404
101
207
397
521
774
516
173
664
253
340
509
22
75
565
388
290
732
39
85
336
650
5
621
662
456
216
615
754
616
510
368
486
264
410
192
577
622
139
330
708
228
703
360
723
482
453
74
199
9
134
449
645
50
6
298
171
766
293
98
688
306
167
738
448
634
789
128
125
107
528
632
407
430
709
131
66
355
169
670
628
433
40
767
563
58
770
625
435
536
180
183
14
457
181
791
309
241
549
765
132
321
203
787
23
141
61
666
623
331
21
366
42
481
318
68
146
231
288
722
12
736
353
669
252
759
795
310
596
62
351
720
243
626
463
730
357
174
541
150
235
581
631
800
768
746
446
201
711
672
64
254
742
592
158
400
777
793
725
582
345
362
696
354
163
558
459
234
737
553
195
260
122
59
550
311
323
477
782
660
492
92
605
520
115
613
468
175
545
28
440
414
562
389
247
124
376
237
177
229
303
661
76
263
415
384
476
206
652
776
461
265
525
160
370
361
67
612
189
599
727
452
291
424
691
156
94
202
236
369
278
547
781
374
276
396
112
507
34
129
406
176
512
503
470
797
771
538
648
564
38
595
606
378
454
422
268
172
490
573
515
799
418
295
212
646
185
37
409
761
636
421
245
27
315
73
320
2
184
673
387
572
166
748
29
464
411
114
271
655
106
517
602
578
743
542
53
529
178
7
155
552
535
280
346
443
769
219
721
702
467
657
325
678
142
513
637
161
472
591
554
18
304
343
687
338
319
620
267
511
773
653
367
339
522
749
649
779
466
633
168
250
65
667
289
488
105
312
778
772
244
322
403
713
399
783
491
792
570
431
208
102
740
313
249
700
434
90
611
656
684
197
347
679
585
676
493
329
714
697
88
307
137
182
428
764
24
292
412
200
390
273
523
586
308
537
119
222
701
259
147
785
225
518
332
196
337
48
300
501
224
784
214
190
380
266
555
335
608
479
640
693
674
432
117
423
618
580
647
455
788
480
16
43
576
416
135
447
733
796
402
186
352
10
571
120
425
72
11
372
675
8
341
162
546
157
584
533
561
763
600
757
575
79
439
462
724
441
118
514
324
205
179
471
19
282
333
442
41
680
191
296
251
639
283
681
35
385
569
80
210
78
690
121
601
328
398
438
589
543
677
583
91
610
281
198
140
444
775
108
644
326
123
314
363
624
149
638
474
277
532
1
164
437
220
286
32
262
287
458
519
735
358
238
527
478
798
213
381
365
559
70
274
426
116
56
694
44
33
109
126
104
30
473
619
52
698
668
113
239
127
719
794
217
348
138
342
587
45
103
130
405
96
751
97
344
375
47
534
682
630
359
642
614
144
302
726
152
246
240
211
695
663
413
383
603
641
750
382
218
187
568
744
786
63
436
729
257
604
31
617
508
408
760
223
704
394
13
4
531
230
233
51
242
215
377
154
133
427
728
734
364
136
49
483
494
607
93
272
204
741
706
635
209
739
294
261
429
69
497
349
188
489
685
297
81
284
159
232
84
71
99
683
57
26
143
780
484
758
715
248
526
417
710
658
419
373
574
17
20
475
148
316
285
609
269
651
539
588
485
716
755
334
556
395
