10000
7340
7784
8636
2110
6130
5926
2360
3108
6574
8224
6821
9608
1033
1237
9772
9654
7205
1023
6160
249
6525
1837
7245
5872
3698
891
4302
194
9320
4703
4540
7281
8102
9869
7918
7184
2357
462
5372
2304
7508
4478
2924
2272
4212
1512
1243
4405
3296
1591
1580
2884
8934
6303
3269
9109
6446
2839
6565
1982
250
6637
2544
2885
9735
223
5322
6209
4024
2013
256
6455
5257
2143
1500
6819
8493
1767
8802
1653
4326
6649
5038
1981
8383
481
3215
9910
2751
6699
5799
7571
9988
238
8101
8120
8840
508
8082
9467
1768
7428
3303
6055
4863
332
9013
1516
2906
8006
8168
9488
4346
8282
2099
9806
2680
2406
466
1870
4595
9282
5976
6211
7248
9508
1239
4359
3213
1749
4612
3716
2495
8088
1845
754
3501
8726
3273
3809
6260
1878
3057
3797
8424
785
5610
7386
7077
3342
5350
9727
4707
3379
8716
4744
2718
1695
8500
1915
5415
2171
3597
2646
9251
4865
1428
6932
5444
5141
8408
2023
2810
2582
7200
383
7797
4196
4199
4583
9275
3228
499
2715
3079
9104
7710
8598
4971
2676
7024
3950
4634
28
1005
9405
4078
6422
6466
2155
706
2428
9404
3646
8712
5917
5024
7826
5057
9891
8392
4087
6010
5685
3430
5043
6223
2776
5048
725
7671
1495
66
3097
7312
9728
6808
6641
6978
1839
7087
4276
3399
3612
5031
3136
2511
94
5146
4712
1325
6894
8400
1809
7747
926
9090
7551
20
61
8684
9055
9527
848
6854
71
4365
1867
2395
7387
2572
8292
3617
2204
8171
3224
616
6341
2449
3992
3096
9122
7861
9814
4135
2257
8997
6234
3946
2850
3843
9142
7684
2411
4766
8615
4855
689
7872
6938
9681
5499
4160
6292
1558
1265
4436
7067
4936
6884
8291
7704
9788
2805
4001
2684
7796
3689
6788
1710
5944
3480
4790
7154
3941
6420
6267
8460
7567
4166
3442
7972
4962
8895
2963
3056
4900
1006
4009
8195
2459
106
4121
2478
3885
735
9243
5464
6272
9906
2299
1962
4498
4140
895
3937
1049
9086
9964
5577
2302
1680
2950
7448
4022
1585
3607
9030
7629
2471
5828
7775
7121
412
7249
4098
5721
1687
3763
6154
2665
671
5842
2945
3977
2722
9612
9926
8220
1348
9599
2519
176
2139
2328
2814
6058
758
3926
790
7159
575
6742
867
9474
4582
744
1533
9956
6350
4579
6550
1089
3204
9413
7496
8441
4369
3187
1475
6257
364
1155
7507
3129
4028
1747
4163
7591
9543
726
2184
6149
4172
2178
5993
1535
2225
7532
2055
2010
9758
9882
598
5978
2609
8141
4993
3212
1044
7270
1168
9615
9979
6885
5020
5489
4945
3846
6411
4224
5673
958
9422
826
1115
8936
8677
7033
6876
9476
38
571
7808
2778
119
8011
3395
8904
5174
4457
6775
7932
2076
7590
7991
3307
2934
9124
1139
86
3655
3542
7602
3998
5133
4104
4800
6893
9542
1696
4340
2374
3484
656
1099
8191
8906
183
9495
8921
6698
1922
7336
1186
4843
9248
98
2282
9060
1308
3740
1702
7746
6339
3860
932
6889
769
4250
5119
589
9203
3789
8327
8989
7357
5807
2409
3805
3106
6519
1663
4153
7157
1452
6526
8135
2881
1851
1708
8773
4810
6003
9366
2048
5028
1631
8927
6730
7090
5525
6747
1963
6334
1656
6111
6710
3162
7655
6716
1889
5324
4731
9679
2129
7089
7392
8928
3710
463
1950
8274
7962
392
2097
5880
1606
4778
1829
7581
3932
3072
3773
9999
3400
9756
7703
522
9393
4984
5553
8645
5509
682
6296
870
434
3608
2738
5664
9012
1576
4963
5894
1403
9961
5191
3631
9839
644
7645
9907
2679
3680
267
924
3368
9677
1454
4374
8407
6458
4907
7396
4419
9983
4416
8313
781
6995
4923
3753
3338
8478
3456
2414
2113
5376
2363
6460
8721
3458
611
8242
7620
9419
4420
1615
3824
784
8334
5714
5766
9115
495
3971
4364
4083
7049
4869
789
3624
2397
2351
8178
2982
4180
6586
4604
372
6768
8624
5928
5582
6505
7614
9206
8854
8069
5698
595
2276
2318
5009
4428
9773
2965
288
7883
836
8786
1356
716
3491
5143
3082
7653
4296
6035
1236
6001
1741
2807
5106
201
4455
9784
7039
6581
6552
8219
5731
9538
6417
694
6917
9785
2487
7259
6365
2926
8290
5098
220
421
6969
6022
1987
9624
2118
4943
1210
7322
336
837
8233
1600
4107
6912
9899
5636
1095
397
3629
6973
9870
4329
6595
8919
9093
5067
6661
136
2532
5403
1951
388
9803
7367
4385
4086
928
2329
4327
6684
5230
1722
519
1821
8428
2903
3863
4509
8795
1463
4203
7102
3526
7373
630
5437
7926
651
146
8857
8543
3475
662
390
6583
6541
9187
3406
3506
4681
6093
2338
7755
9516
2553
4429
2968
6392
8066
8900
6781
4873
8555
3563
9333
2195
7675
5217
1281
3895
9249
5902
7832
1324
8751
8931
2505
5070
8517
455
4938
4200
2861
6822
3015
2263
6099
8018
3088
691
736
6418
4546
6855
1435
4926
9701
3012
9589
5433
1084
254
4801
5161
1173
4115
1968
3498
7163
6233
9929
1077
1688
1678
2169
4875
7224
1153
8468
3470
394
9403
5155
597
3288
9848
8757
8878
3704
8230
6702
1266
4292
8972
5852
9400
4244
1159
6017
7271
3419
2484
5890
4141
26
5025
2959
6151
345
973
8870
5251
1280
1594
6654
5541
2516
6882
7173
5559
7806
9338
9763
2806
7732
2283
1100
9552
6440
7511
3591
8987
6527
5224
3707
5683
4004
617
3913
246
6971
763
6338
9361
9453
517
8329
5611
2242
1200
6868
9534
8542
9565
4557
3983
5722
8331
8559
7674
2288
1151
7421
3073
5459
2878
1956
3505
5072
1831
9973
453
3394
5806
3252
3405
2785
4139
7601
1034
3968
1508
4152
3398
9324
4035
896
1719
2241
5447
2590
9953
5990
2475
6309
8378
4743
9412
8711
4407
4805
7779
1577
7966
9379
5635
8472
7017
4716
4890
9697
3302
2868
9099
7676
5797
5519
1616
195
328
3738
2268
7723
4191
5785
2710
7203
6048
5326
4555
5271
1849
9993
4030
9360
4599
18
1583
7131
1278
7553
5331
3806
5534
9100
9172
13
966
3313
1272
3661
6161
2703
8856
5406
7850
4218
440
6764
6218
3641
8134
347
4518
9982
3630
9058
4282
6948
6226
8136
3587
6435
1707
2661
3085
3783
7474
4690
4159
4688
9131
1131
2596
4503
5547
5079
3596
9176
2841
858
5871
9705
8546
1392
8276
6606
847
9009
3007
3784
2523
403
9196
6508
4917
9261
9149
743
2714
5744
3743
496
913
5420
6656
8228
2911
5753
3161
5930
1607
8890
9804
4675
2865
1848
6784
456
5044
9849
3931
7812
6025
7593
6087
9336
4933
9192
8015
5972
6832
7091
9156
1069
6148
6724
2182
8294
2121
9755
8152
480
3842
8458
4315
2235
2613
1868
8611
2085
8036
5457
6382
948
2069
864
7773
413
5413
3709
3040
884
4470
3788
8440
2212
5865
8262
1284
5105
442
3371
2134
6351
7230
851
4017
8965
9934
2215
7170
6167
2114
6428
3265
1220
1424
9254
505
1843
6721
9512
7193
4347
7040
5732
6650
7689
1298
7539
4430
3550
936
8578
1779
1427
6931
2452
1543
4947
3210
1532
733
4491
5755
4367
3372
7056
2669
5063
8255
3492
1183
6636
7989
2420
7509
6666
6242
9286
9209
9050
9916
9865
4720
1682
6618
3375
701
14
4605
127
9646
8966
1808
47
8412
6229
9321
8580
1385
6266
3029
7502
8863
4264
8613
2777
8916
7825
7560
2281
4788
6579
4261
2619
5779
296
878
9051
8090
3914
4438
8894
1036
9344
6776
8719
6496
6919
1026
5359
899
815
9834
4964
1166
5473
2896
1788
5051
7513
7688
3810
8851
4530
5555
1633
7892
4657
1196
5279
6501
3816
9813
6793
7454
3553
5179
1536
511
5941
8874
2897
1332
6677
2779
3494
9525
6164
8659
6801
6122
1745
5007
9042
820
241
5417
8648
6136
3180
5233
5855
1312
9722
2607
1693
7666
3976
4459
9921
3726
7554
1502
6434
3178
3589
1597
1637
380
4710
7464
5482
7757
6345
3361
9970
693
2245
6096
7194
9850
2706
8666
8416
4235
7278
3017
7627
2416
7793
4038
4267
5994
9139
1692
2082
4903
6034
5424
4338
7891
6354
9710
5763
8048
1248
4188
4727
6695
9734
2386
5818
1081
7042
2833
6461
6598
1989
2192
7177
2267
5909
5068
606
9329
3469
2201
2058
7059
5353
8215
6169
7290
3815
8780
2479
8445
6469
9622
2998
9649
6189
2847
9950
1184
3131
8104
1203
167
3045
4070
7621
3530
9895
2972
841
5927
5005
6544
4864
2226
6934
4057
3927
8696
3396
3250
9730
2685
7785
6928
8735
536
5652
620
5791
7491
3060
8813
8471
6493
8030
4794
776
6770
9383
3881
3450
5809
8545
7229
6249
2566
7043
3013
410
7257
3090
8354
8560
1908
9663
8637
5218
3155
3787
5712
5629
8600
8728
5896
7642
4198
9945
4201
222
1952
6184
4786
8889
75
6611
1342
6686
8667
7954
5965
1725
968
1560
3547
4948
46
2221
9913
8180
108
7752
9431
7416
8584
2172
7727
6513
2796
9637
7894
4826
3138
3748
6398
8137
1209
398
2979
427
1307
2618
8981
5118
7195
1984
6543
1206
4906
1716
4759
4333
6416
9092
2983
3901
8630
9847
5343
7436
9289
4468
295
9886
1509
9250
8193
3923
7358
7611
9308
8969
3308
8503
7953
9760
6387
6356
5208
4640
603
989
8670
7876
51
8887
3823
1024
7777
356
6592
9011
2649
5412
8377
50
5626
1971
900
7188
9584
1346
8420
7167
738
9738
9583
3900
8818
3558
578
1108
1701
7213
6585
7754
2009
2854
4526
649
1004
5073
6091
9446
5857
2874
4572
1739
3544
2248
4447
6880
3325
1776
9558
548
6297
1295
9718
3105
4723
1347
4840
3893
5168
6472
7623
9880
9866
3125
6817
5607
7458
8508
2610
5488
3381
80
9627
8280
556
3220
6840
8789
9259
8935
6251
533
2699
9607
1876
4299
3336
5008
2942
8915
7929
4620
8772
6615
3989
6829
860
2152
352
7933
1233
8826
4852
9927
7480
368
859
8815
9141
3114
1374
1335
6643
158
491
7707
1700
5346
1698
1608
513
5813
2191
3118
5672
1060
541
4063
310
2059
2482
2812
2286
8679
1545
9441
2570
974
2905
6474
768
7470
6899
1507
5169
4247
2352
9046
4726
2941
4680
6563
6621
5475
7733
6380
2135
1623
2188
703
6371
9456
9621
1321
2503
417
7550
130
3251
9027
3058
8807
3052
9967
6500
4417
8885
3723
5017
7762
1774
7052
9575
9278
6851
78
101
6484
4982
6718
8993
4576
1762
9820
1629
7542
2030
1202
9545
5560
5269
4293
5666
3404
3984
2106
1287
2606
7021
6927
2211
4563
5594
6560
9539
6670
8182
7870
3580
2208
9354
9636
3383
7902
3692
7372
1242
244
5471
4868
8467
4390
5281
3367
6738
6762
6725
9430
9384
770
2583
4011
8423
7548
6881
2160
7829
580
2177
956
9810
4129
6421
1958
3985
22
8499
230
6644
1893
3348
1187
3746
135
5862
9699
1113
1018
3841
540
7221
4477
8335
6717
7338
4154
6890
6920
9098
8922
3665
9193
3605
3463
9666
258
1145
2708
120
9817
4432
8409
3078
8608
1666
3128
142
8148
6175
3294
8804
7361
9711
3339
5252
5841
1925
562
2199
4025
3485
1841
5032
3955
4916
4586
2206
3283
7501
7300
2074
7975
6399
6939
4910
6228
1480
8682
9669
9327
6913
3722
9137
160
9177
3529
2388
7845
9021
4386
503
4651
7155
1888
8614
8279
9952
9365
8794
4687
3956
4616
5614
6490
8234
2563
5117
8060
6528
7821
4974
4650
6305
7994
8575
4324
9363
7744
572
757
1496
8002
5893
2486
953
4306
1835
3005
3276
9720
342
554
8642
5882
9732
2380
853
7725
7289
1593
3919
5901
9173
9134
8112
7260
6393
4666
6321
84
60
6826
1541
8996
5381
729
2175
1397
7016
4615
7699
4637
5164
8846
5404
3616
6377
7950
8094
2673
2237
5581
5211
4277
3851
5669
4838
1612
431
3798
5715
70
7427
7618
5397
7830
4099
3864
6336
2243
4961
172
5202
6323
8692
3386
3016
6368
1778
6198
5153
2939
3193
4882
2752
5737
2072
7093
6108
4049
4095
9017
5999
2116
5075
9323
546
9204
9085
9980
2294
8601
7329
430
6264
2978
1407
1711
5364
6315
5358
5682
7734
2912
2259
7197
5144
1152
8447
7691
2038
7820
1902
5606
474
4071
2628
4824
3575
4361
1375
7639
4015
1147
3786
2760
7582
6491
2393
4730
6396
6156
3488
7917
7139
576
6903
115
8920
9292
3061
7198
7214
4485
1787
4146
7315
9143
4
7758
2780
638
1180
9996
2045
5416
731
6482
5355
1136
9076
7489
4472
6810
4096
5478
7764
566
9233
2371
2327
4734
1170
1738
6070
4336
6805
384
7895
7672
7654
74
3245
5152
2654
7005
9166
7465
9473
8683
1679
8314
9103
200
6603
7147
5487
4454
1827
4363
8047
9939
8170
4371
8729
6051
7311
861
9236
162
1521
5859
8867
1988
3340
1830
425
7291
4290
5125
1134
4205
422
4093
6783
3559
1740
9016
7060
1704
1398
2343
5290
812
5150
2298
9475
1890
7570
1406
6825
7721
264
3826
1898
6217
1801
7633
4232
1792
1163
8184
5124
1177
2786
6145
5108
7341
7443
1513
5911
6545
6662
428
1440
2415
3523
7383
7640
7893
9595
6400
9459
1143
9437
2002
2390
5262
3356
975
935
2021
5820
1357
6751
8544
1625
3311
9853
3109
5900
2270
6456
2951
4706
276
6936
2066
5301
6612
3930
832
3231
5158
9530
1400
1008
5868
2253
3150
44
7617
5185
4021
683
9293
2453
8058
6185
1259
509
912
5221
3687
1714
3080
947
4987
8040
7461
7716
5209
2052
7992
4614
5694
2197
341
6117
2333
351
7468
40
3127
8382
2398
7905
7073
4187
7307
5357
7263
8427
5453
9497
3925
684
4221
3341
4819
5644
9726
6839
8609
2546
2132
385
764
8594
4010
4032
2301
8021
9812
3098
2913
798
9471
3572
9469
2558
2193
3445
5275
8986
7190
6478
5617
8091
665
1728
5494
2828
5130
6205
37
9628
6352
7
6599
3092
640
4489
5298
9609
2369
3508
2367
4344
2131
9096
3774
493
3103
9922
3364
2766
5940
1967
6385
9560
9768
2530
8024
1390
7770
1918
2697
2238
3686
8485
2090
4919
259
3481
664
2307
7216
2541
3963
8883
8403
2938
7135
118
3887
5162
529
7977
284
9271
5954
637
2227
1368
2758
6423
4434
1223
8353
8733
8979
8943
9478
4532
5955
202
8657
8511
6542
9819
6967
7007
9867
3050
3556
3951
4700
9619
5946
9556
7484
5618
4956
4469
3054
5804
269
4335
7355
1205
2278
5409
6068
8932
4745
3995
331
8595
9388
2915
4177
4490
6647
4082
5736
3791
4465
7774
360
6201
8087
6337
980
9745
4791
334
1415
3292
5019
1712
6799
888
2980
1955
719
9751
3468
8125
7137
6227
3673
6101
133
8086
5470
2737
4501
8043
9587
9373
1746
3833
823
4423
8244
4450
6733
9821
237
5023
7467
4548
6667
903
5371
9635
382
6281
6638
6443
1088
3708
8346
3388
4195
5503
7851
2384
3102
755
5495
9553
3101
8748
5891
7209
5086
3358
2400
3134
7504
63
6152
2326
2702
5598
4370
3965
9462
7191
801
5167
7709
6016
4624
2342
3289
3462
7928
2733
1937
9402
9894
1472
7609
4316
3845
1718
8568
261
5512
5792
4013
5261
8055
3328
8791
9544
7231
174
1822
8641
9887
5088
3446
6951
6779
977
7226
9626
2914
6622
8051
1070
3410
5907
3912
7534
8879
9073
4742
4174
8705
1789
1334
6288
436
1650
3198
9620
1144
9841
5287
9766
8933
1537
1263
7036
3295
5183
9566
3801
8665
3403
6694
2078
3197
3351
7466
9653
9858
5396
6429
7665
6097
4475
3476
5399
4222
6424
7885
4901
6944
164
5676
8118
1588
7354
3640
7563
9555
2146
4402
4045
7117
3409
9830
3890
1061
6230
5631
8238
371
3567
3205
2831
1216
3754
7308
8662
2001
7250
3277
190
5829
7208
614
117
4658
8984
7127
306
1448
6860
5142
6597
6367
7724
4471
9744
5615
2747
4165
6355
2389
8259
1664
2730
5616
2547
1039
9108
5078
1361
5693
1869
6794
1012
4325
3286
9936
1096
184
9396
6098
157
2843
6937
4002
376
7364
3028
6331
8714
9549
8463
9169
2700
3509
3363
2562
9790
8442
2769
2498
600
9917
6502
3172
4592
3321
7053
7345
3853
2694
9688
9843
3062
89
2036
5627
8930
3350
4053
7266
2417
5354
2087
6895
9234
4897
5647
2882
2378
8604
7957
2736
6569
5435
4453
4076
5552
6489
218
1255
465
1314
2112
8495
7730
8461
2859
963
2216
7410
8075
5508
6708
5443
7930
4256
4623
9237
1524
4487
5713
7561
9643
9904
5349
8052
4377
304
910
704
6379
7799
173
7038
1713
7651
386
8208
9439
8023
2999
4966
4995
3459
3438
8573
3173
7700
8561
7335
2354
6080
8583
2668
4653
1394
6118
7628
3490
9179
3329
58
6522
1076
6497
2719
6792
4089
5591
1422
4052
2862
280
6071
4357
7619
1613
5436
4175
5957
6980
2784
3011
829
2849
4368
9689
1112
4879
9351
999
6432
7669
8952
7256
5395
1621
5071
5904
3609
952
9942
6958
539
2765
8971
52
64
3573
4804
5095
5922
7969
7873
9605
4543
8527
9257
1286
1311
4915
9507
5213
3168
7321
772
5892
1720
109
5129
9739
5831
7327
1104
2065
2337
2593
2462
3865
3314
9828
9879
7476
7705
5974
7244
43
7407
722
8167
6132
6153
3365
5490
7913
8393
478
4590
3059
9091
2404
2033
9915
1731
1670
4992
5877
374
5458
6626
5448
8381
353
2255
7267
7313
3030
9213
4607
8673
6220
893
3987
6028
7382
325
9713
688
3813
5546
803
9665
9269
5215
1434
6310
8769
8825
9097
5516
2057
1534
2485
6159
667
1550
3042
4019
3835
3920
5037
3554
7668
9279
4661
4693
4233
4156
4111
3081
1419
2818
6300
3560
9940
3933
7750
1959
3345
1086
8663
4112
5688
2860
844
1474
6674
831
2028
1366
5739
6182
10000
9264
6623
6771
9378
5513
5423
8192
2724
1250
2954
9061
5485
8770
4665
4980
8325
6193
8700
5637
1158
7843
2984
8310
3604
1429
6261
8342
6922
5869
2436
9974
1754
8072
2447
9731
326
143
1752
2936
1457
2102
2750
3827
9110
8655
6763
9274
3189
6333
5861
5656
583
950
9682
7920
3528
4815
1874
185
2287
2997
697
9594
7742
1062
5588
6090
835
9877
1477
3990
2362
8886
8261
6584
271
224
2336
7735
7143
2535
2531
2375
8318
1635
531
4534
8
2251
8717
6307
3548
5982
1691
9343
3264
9499
1705
7976
9464
8016
3517
4382
5110
1645
3812
2305
1877
415
9350
1425
8304
3565
2542
5949
236
3781
1528
9262
7471
5524
3765
4097
7549
8828
4116
3676
7442
6848
2271
4955
9452
6975
8456
1484
6986
9962
8410
9581
7718
1106
559
9022
4040
7434
6498
3697
2901
4508
5104
9807
2741
2824
9078
5667
9675
6653
1344
9368
1329
4654
7296
5332
5734
6237
9642
409
9892
3068
8380
8163
8181
2034
6887
5863
7760
2629
2611
7521
5789
4504
8617
4613
404
2667
7240
6131
9004
3742
1208
4988
439
129
8547
87
9531
7974
5866
8432
1657
6269
4760
4237
266
8127
5527
9223
182
3764
3582
2264
9986
3344
5064
7965
5522
3935
4940
5888
9181
3679
5320
9845
6878
2144
9010
9529
9767
3739
1446
1750
961
8121
4593
3838
6836
4161
7878
6619
5361
9309
9270
9557
3116
1182
6085
9944
5839
55
6179
9029
6561
139
8232
5297
1960
2675
3593
5299
8333
5216
6279
1899
3603
9779
2712
7404
871
2559
3877
8368
2480
9306
1881
2621
49
6795
3318
9920
3497
3694
998
103
8504
9520
4880
477
1568
4626
8099
2249
5123
1035
2917
7533
4908
3546
3298
4016
9691
2743
5604
7583
6773
1628
5634
6657
2578
2838
4866
3636
7459
7661
7817
8811
1668
5242
634
1885
2176
2320
150
8502
3233
3006
3840
5305
1842
3761
2755
2630
6335
5460
4564
9941
2240
7838
2540
3464
5960
1354
3435
2732
2377
2930
5034
1815
618
4265
9570
1169
1214
6639
9066
1235
6445
6342
7395
154
8912
1652
4023
1804
8246
5469
2027
6831
2526
5016
4912
4050
8298
6809
959
468
1445
7123
970
233
586
4479
4765
2626
1785
962
794
5602
4387
2658
2597
8899
9157
7979
5733
5801
5066
6088
6038
887
6289
6383
6935
8241
4464
3440
9392
4425
4761
4441
215
5192
8788
4711
5760
3362
8869
6273
2822
5543
3425
5431
321
5090
4621
2344
2587
5633
8881
6467
1467
7351
6026
8619
9644
9111
636
3507
643
2821
7924
5858
2560
1865
3359
8926
4094
5619
2489
1405
866
9432
6172
4694
7798
788
2639
5236
9500
7713
312
2396
7414
7847
494
1892
7034
5966
2094
9769
2836
695
1219
6194
1315
4362
5814
3300
854
4391
6714
137
7696
7904
4301
954
795
3457
2368
2731
9860
8263
9551
9868
8723
4155
8799
3122
8690
6102
7432
9955
8718
2228
6744
6785
779
8405
3076
1917
1432
9546
3648
7106
6516
6388
4500
7166
5886
5050
4178
6390
483
8196
1624
8635
3317
1510
3112
3682
1199
7761
7348
1305
2989
4659
2437
8842
1605
2187
3001
9048
9303
810
8830
3133
5856
2666
8419
9429
5953
7719
2340
2886
7544
2080
3632
6262
4173
9780
1800
7424
3230
7054
6918
4617
4789
1058
7440
1345
3979
917
4008
3278
7630
7613
1074
163
7769
7588
8158
5885
8466
3284
3044
1864
4536
357
599
2877
5725
5674
234
8940
5650
8741
1997
263
7437
5138
6082
6116
6693
9188
663
6406
7275
4406
7064
745
1052
609
3576
3861
5468
7074
3331
3817
5695
9062
2651
1047
7388
4303
5569
7362
204
9318
3532
7061
9762
9809
4312
9951
7599
482
4519
9290
9420
3818
6834
1037
8049
5408
6926
1862
9765
5571
7625
8415
6866
9586
6291
2493
8944
5834
3147
9094
8214
3241
615
5055
3549
8453
6362
8960
2391
2285
9389
308
4814
7859
1806
9702
3301
9842
8251
3167
25
8395
7641
5853
7415
9211
875
4950
8404
921
2524
1157
570
4782
3821
9182
5000
7398
132
7076
7237
9341
8029
6045
1913
1759
9059
6994
1340
9300
7192
7505
8767
9375
3804
9501
7515
9573
5491
4162
1007
3249
512
5052
3209
1098
4164
4249
1844
4649
1529
4777
5026
4372
6672
633
2670
6384
6002
7002
6414
6711
4827
3349
9715
369
3229
3142
7268
4603
8843
7681
7125
8720
4145
584
2373
6614
5705
7836
8633
4781
7297
3137
8119
1063
1087
7162
2086
1485
1161
524
8848
2468
7227
9559
6404
4954
4069
144
2011
8337
9947
2624
6314
9658
3732
530
1029
4054
7787
140
1291
5969
3126
2966
8581
1413
1301
3637
3659
4751
8812
3712
8950
1582
650
9749
2205
3063
8577
8833
8509
9079
8528
2504
5975
2986
7183
6520
3255
8844
3346
1850
1140
281
8025
2569
449
4647
8917
6248
5771
2006
4874
2746
4737
7080
8076
5219
9089
9770
516
3633
7483
773
2019
2916
4401
7030
6146
4448
5810
7835
4269
9985
5986
4317
4068
3290
9026
4274
4833
1466
4184
8866
7522
335
7580
2407
6945
7848
2660
5103
4837
1639
8303
816
7952
8713
8050
4525
1603
1551
8204
9989
4839
5776
4458
4394
6318
6607
4891
4597
2599
925
1269
7050
6968
5899
6679
1972
2987
9949
8514
1563
7909
2317
389
1443
5477
4561
2262
1118
582
3003
6983
3237
6112
346
4591
7863
5989
315
7815
4061
5097
5366
279
4245
8777
4488
192
2438
8265
9304
8557
1895
1932
6107
4309
6212
5663
4715
7196
2401
6252
2550
7084
7384
967
5623
7882
657
9267
5375
7158
5283
1337
375
7912
3590
6364
6540
4411
942
1786
1836
8283
2960
4845
1676
3091
6992
270
4560
4990
2458
4080
5405
485
9574
7211
305
2721
6329
923
6514
4106
6018
3592
329
2331
1823
9167
2575
5432
2084
3319
1174
5738
2985
4553
2275
355
3382
69
1891
7546
7702
416
5838
1020
7664
2332
6719
8675
972
6759
8111
1370
8703
3164
5011
8010
6872
7105
2656
9433
7865
4435
2041
3391
8348
2848
2756
3807
4403
5481
1442
9540
5333
4618
3943
6494
1709
5938
6241
8732
8431
3876
3796
1430
2077
5248
6757
6704
9579
2773
7449
197
7814
3996
8345
2466
659
4991
8947
762
212
4588
2845
5390
8995
7907
2185
3466
2042
2126
3143
366
2018
6084
7478
4850
5329
487
9447
4006
739
5053
7420
9082
2996
3009
9528
5915
852
3146
4356
7842
5400
9208
333
9536
5246
7964
8317
7389
4894
8516
1833
6645
4210
8939
7029
9457
275
6005
6012
4226
964
344
890
9890
7095
4538
3772
2107
6243
8837
4575
6389
5022
969
534
1857
3515
2995
8061
5306
1066
293
3257
3737
418
3744
2695
320
5328
7819
4735
5835
5952
424
3578
2604
2856
6276
2463
3540
6640
668
4383
7834
8817
3882
7374
8201
2310
1386
4639
7243
1010
8080
6680
5319
2527
178
9954
1492
179
828
1494
9160
777
6539
2183
7996
9273
5394
8836
4131
9800
45
8245
8093
4918
6157
8976
1043
9072
6463
2319
2641
8014
451
7631
4138
7908
7524
9928
5414
5212
2210
2994
6731
1364
6119
3223
8907
8389
6115
7615
9477
6196
883
3947
8646
1727
7492
3745
520
7828
5149
7066
7782
6530
2793
4671
6726
9071
9672
1262
5665
7182
1253
3369
8320
1371
9585
3872
4278
7960
8129
6722
3879
6756
232
2005
4270
8271
7447
9704
1054
9353
6984
9603
7179
5309
8730
8793
2180
4409
879
1783
6843
4798
699
9885
9616
1667
6477
3504
27
3643
4849
5450
1957
9147
8491
3958
8606
7352
3652
6147
7134
1142
2568
3875
7463
9252
8625
9736
8270
8539
1947
2711
81
765
7659
748
7827
8206
6436
1547
9729
2450
2137
5783
1379
8366
492
5204
4753
5703
2370
9028
113
1191
9668
6431
5472
6277
9140
5276
4698
7120
4117
2852
8225
128
6791
2081
3495
2161
658
257
6141
1213
2863
408
2549
2165
3751
7451
621
4807
7119
2804
6168
8803
5684
6720
3123
4181
4516
761
1921
3408
5563
8736
1813
3499
6536
6629
3907
7499
9039
6959
6050
7264
5258
3866
2655
4055
8911
48
3627
986
8454
4291
4764
3982
9801
5247
5474
7552
628
1757
7412
626
648
8805
9835
2506
7099
3427
6732
9325
686
802
1198
5365
1872
5528
2419
4048
297
7886
1270
8953
8183
3429
8053
7435
4524
5959
5811
1626
3869
7238
2508
8534
6575
2772
2159
707
4829
471
3906
1338
4554
8658
4941
7019
3424
2469
4722
4817
1557
2446
1160
2691
2124
8435
6313
2638
4484
1853
42
3401
6923
8489
6782
9815
4476
2105
4598
2797
3949
2364
2464
1211
6043
9639
4594
5540
6462
5348
343
9881
3536
2499
8695
1071
3201
7822
7606
8081
3169
774
9415
8893
5662
7692
5177
5047
4384
8526
1050
3656
5639
9799
7587
5445
4444
3899
1614
5225
7531
7450
1293
5596
2426
5521
3107
6120
3606
8056
4144
9229
31
9359
9856
2893
9547
5696
839
8945
2514
9024
6990
5910
8289
4020
4460
1016
6556
941
6246
8704
3993
3929
6765
1793
3354
6430
9226
8186
8592
8549
7219
4779
1622
9136
9170
4149
1773
9981
9482
401
5983
5303
396
180
5292
7776
1897
5554
4088
8530
2935
3938
2742
3254
4494
121
9121
3911
4486
1022
7081
6546
5657
3767
670
1238
8914
2956
7445
5956
5411
5878
131
3203
2296
1991
1933
3585
4060
7334
1673
3444
9436
2794
2557
4774
3309
9146
8512
7557
4660
9220
8406
7114
193
9878
5570
1993
6236
4189
1575
6534
5759
9811
6348
9522
4717
3847
6253
3747
1943
1923
9893
2832
3181
9171
7028
1297
2681
3555
4630
2992
8063
8513
5925
3034
1979
6685
9504
6758
9902
4257
5991
7370
9747
1111
9034
6245
7390
7740
1732
796
4968
7031
9470
5245
9519
1931
1067
6083
1065
8766
9997
2993
3473
8110
5585
5550
4354
8602
2439
8877
9598
30
8970
7349
2256
153
5670
5363
1349
3433
240
5822
5821
3961
995
4646
8764
8077
1232
5181
4466
1636
8715
9442
1730
1387
7115
5107
2091
564
9256
8946
2133
4169
5680
3854
9743
9195
8925
6073
2603
983
156
2457
6391
8896
5195
8610
9719
3819
9035
4342
8768
7235
8411
5586
8089
1546
3222
3428
9648
7652
4410
3402
285
9617
7890
5875
9876
9178
8452
4935
4625
6208
5255
3749
579
4571
9322
3779
3711
9797
9680
8336
1498
8785
1260
3586
313
2477
9818
5510
1462
8286
5080
9480
4295
8350
488
849
4883
9294
2887
987
7840
4375
6213
9550
543
8706
6760
9634
3690
3077
8249
4467
6646
2321
6715
5710
8787
8190
2079
7239
1527
3760
8548
4456
6401
6386
9444
3880
6419
8115
9198
3892
2008
3904
1638
8083
5429
506
9924
3988
8138
7728
9975
4304
4102
7993
1684
6950
7656
287
5342
7082
4999
5912
8079
9207
9183
105
1439
166
3330
4952
1811
661
6676
7592
7309
808
3852
862
6426
8254
6376
2866
3306
7756
2035
4802
8114
8154
5300
5851
5798
6311
996
3910
5612
7380
4127
5895
6590
2763
8873
7801
327
2644
5520
1376
7961
4928
1544
624
3316
5260
1906
5726
3390
5440
8039
2898
1896
1092
4215
2394
6827
6577
9787
632
7276
9230
842
8169
4905
9246
6510
5529
5451
1124
9356
4773
299
7608
827
7768
3238
4462
5173
732
6558
448
5632
1207
1511
8161
3705
9562
4867
6344
3795
3151
2445
7286
6892
5843
6625
2022
323
604
1283
5539
2819
6861
4682
5651
6688
189
7857
6069
1942
5344
6548
6210
7708
6803
3035
9618
1770
7255
591
7879
9795
2289
3211
8974
3994
4084
2943
438
6280
2820
8800
6777
6059
4858
3714
8623
9966
5558
7517
1437
8742
1322
1669
685
6570
4041
7287
8473
7385
9253
3389
1760
6804
2481
446
6696
4151
2512
207
892
3750
7888
547
7772
9592
235
1894
5727
3366
7916
7132
2988
83
9154
7963
9994
8387
216
1116
8872
9369
4515
219
9163
3539
1288
3741
4108
8159
3681
8157
209
5272
8524
7013
8375
6911
1217
3234
6504
3416
752
1402
8823
824
2875
955
1617
9737
2046
9297
5084
2705
1073
4796
9355
9511
6533
5077
7749
2539
6753
2586
7500
3443
8173
9101
9816
9380
2888
6814
3944
724
9957
9514
8597
7136
3891
3170
1167
705
4729
2218
7069
3124
8968
6963
5802
7869
6468
5401
1938
1539
521
5624
7680
5347
3312
2214
2181
7037
9660
7574
2907
2355
5654
8535
486
5148
8978
7295
7498
3619
5850
9533
170
2687
696
2068
6981
239
8277
5134
4252
2196
5995
2145
2032
5836
869
6492
9288
2265
7910
7638
850
2408
7794
1994
9037
9831
2554
1640
1726
8758
5580
9537
4942
470
9064
8651
4514
5583
1306
9191
4721
9398
2622
6278
2274
7790
6602
5625
9896
6150
608
3431
6378
9189
4748
9759
5609
5373
9185
5790
9316
2024
8147
4341
6512
8664
7555
1574
2293
7997
2004
4231
2900
5689
2971
3281
814
1483
3857
8258
2284
7399
9754
920
4527
7648
7058
5678
7948
767
9083
7202
1330
7206
9990
3477
6287
9381
6285
9284
8973
3337
9515
6370
4685
4123
4413
4072
8177
7739
898
1886
8797
7831
4776
8210
73
4400
7096
4909
2576
2239
8231
5549
5648
8599
5769
8558
1782
8022
1017
5058
8694
6588
2345
4353
9385
9128
1299
9625
1814
8783
3975
7644
5906
9984
2615
7722
5462
2194
9000
4584
7736
9651
7441
8808
3275
2365
3279
4886
2260
7804
4581
7371
3347
4158
5565
7726
4287
7778
8430
8550
6180
5919
9761
8536
8151
8660
4194
3242
8871
67
6815
563
8216
1015
6135
4167
4103
6330
1028
3183
4059
7477
8554
9409
7151
7318
7528
6964
6479
4856
1554
4975
8322
1699
5122
4497
2802
151
8223
8782
1409
2759
2120
9662
2312
2062
1279
6244
3260
9871
4709
2060
4431
3945
7280
5745
9822
5970
2517
39
5198
8268
3973
639
6678
5735
8571
5796
1986
7207
7186
7943
8139
6200
6222
5867
6766
4090
7541
9301
9397
4208
2873
2634
2016
8356
2640
4119
5116
9428
756
1996
3997
1041
8747
3663
2454
5984
4610
1589
1156
4230
161
2117
1326
6562
6580
1101
8688
7479
3026
1378
8116
9844
9144
9851
4842
7765
3441
4014
846
8678
2771
2855
782
8588
8569
4913
7326
8065
2791
169
4523
7578
976
2948
7048
4305
4932
6582
2315
8202
7168
6381
1149
2946
951
3353
9548
5289
8443
338
9491
8398
9019
3634
3385
2497
1810
4350
1285
4414
1735
6871
3928
2127
6031
7967
4056
1351
9938
9174
3032
7051
2158
1651
447
2931
3736
7942
9080
2353
2533
8213
7877
8209
292
5945
8649
9330
2528
9123
9276
7802
9200
2789
594
4793
8367
2573
3025
6454
6178
2977
7344
7914
1003
4902
4533
3236
8194
3141
552
7906
3226
4433
4931
7596
9861
6673
7083
1030
6806
8469
9873
8552
4965
4495
902
8626
3439
9197
5781
2967
1072
6358
5264
4697
9717
2774
592
4587
1294
6823
9670
5003
906
1781
7678
9859
4388
7199
5307
8376
8484
8057
3644
4636
3667
9690
6395
6867
5876
7635
350
8647
8253
5171
2003
675
5178
7375
4696
4757
5649
3086
6453
6061
2846
6961
8031
1794
8284
4531
8849
2548
6481
5963
7201
3407
9750
3322
8144
2075
1647
6437
5197
147
934
4892
6015
1934
2693
2701
2349
2444
3467
9764
8438
8032
3969
5120
5188
1592
2753
7899
1487
8013
2663
4946
3447
3326
992
742
3039
7706
4520
8858
5977
5824
9748
2322
8961
6066
2764
5265
5587
3614
4969
1453
7887
5131
8033
3071
4602
5679
8156
9240
9757
4512
3960
601
4262
1784
3175
9205
2007
4708
6985
1706
452
3611
6837
2647
7738
5228
5658
4736
7510
2063
922
4380
214
8085
6214
3010
5214
6032
8501
9580
2707
2297
3638
4545
8035
681
6842
9005
8306
8710
4343
8189
3776
7133
7841
7516
8865
4821
6553
1486
2798
653
2012
9775
5849
5800
8000
8891
367
943
8985
9791
3610
4911
5033
5964
9857
7098
713
1193
3414
3184
5378
2467
2037
4018
3018
7595
6459
9217
8492
1097
5368
9777
8302
7486
6037
8481
6081
8097
1105
6955
1212
8589
8229
9102
4642
3434
8494
5931
1383
9854
6567
654
8252
9792
5267
6824
3850
8521
7547
5923
6495
3905
7540
8999
1264
9593
5545
6752
4337
7025
1011
8541
6515
5873
3200
5200
1455
2574
6954
6114
7316
5380
1002
4888
91
5718
3415
5113
6933
2448
6845
960
528
7411
1468
3870
4446
8064
1703
3496
7079
7220
5951
1391
6293
2244
4714
4713
6452
5642
7430
8819
9145
361
2677
9645
2909
8133
7889
3675
4170
5154
7204
4029
3268
7903
1887
373
4959
7110
9914
7320
7118
9872
5717
5139
4887
881
3701
6949
1331
3566
1620
3461
2173
7103
3070
1846
3195
6441
1164
3218
5388
2269
3049
8897
1078
24
5788
9725
4769
5575
2944
4611
7657
577
8699
1965
9202
7008
3601
3538
6523
3239
7535
889
2537
2904
1954
605
4895
1490
6907
6998
3917
2252
1973
818
6709
2876
5985
5285
2598
9014
1401
4551
2222
4859
6991
6476
4114
6802
206
8105
5314
8951
6987
2889
5774
6652
4664
6
1436
674
9972
1107
5762
9829
9601
9796
7023
8339
9740
4064
9826
2379
1309
8131
7771
311
5500
2441
7482
7800
3135
6982
5817
4171
3570
2413
2427
4609
2857
6970
4445
3360
7748
8439
5600
5728
1506
3487
6204
9235
3811
5370
6648
1127
7849
2922
3834
123
5641
435
7637
6974
6557
3113
4580
5410
5905
3874
7457
6551
3940
979
4672
9490
426
1372
5151
8160
9424
7900
2044
7153
702
3756
544
9210
4136
6875
6372
8451
7616
213
7444
4137
8299
7988
5613
2556
885
4007
9532
7711
9155
728
7983
8388
1120
3452
7299
2961
8740
8634
5479
5690
9095
1377
700
8078
5749
3418
9932
6659
7981
8436
4492
9148
3721
8576
9505
1014
8198
4398
2167
6255
9031
6818
104
8266
7180
387
4998
9771
5590
9641
9578
6360
7413
5646
7041
2455
4973
2136
2851
8034
4741
8806
7720
8026
9695
9127
9794
2829
5751
3620
4689
4100
3266
6858
1122
3417
9065
3087
1618
8868
797
9307
7810
1358
2637
2717
833
7379
2494
3519
8903
8702
8352
8482
3957
2040
9656
9959
557
3936
6634
5794
4240
3621
2300
2834
4236
4535
9496
1320
7408
7871
9224
6988
7368
6139
7607
5
3207
2928
7124
9481
5327
1328
7438
8124
6128
6830
4366
7027
7246
6555
2217
3868
4313
1132
423
5190
894
2545
2929
370
7610
2093
4216
9113
2981
19
1038
6568
6216
1317
6813
9623
1179
4378
1411
7189
8506
3472
8417
6326
1880
9281
6449
5515
3270
5313
8760
3019
7225
1497
2280
6633
8361
7212
1421
8462
9455
6324
3037
3493
7104
4243
8585
2031
8988
5386
2472
8390
6317
5967
2356
9008
6450
4775
68
4977
124
3959
4808
5687
7523
6163
2207
1046
9387
2958
6687
5387
217
7254
7302
1056
2492
1907
1245
2662
9159
8738
856
278
7527
4638
3185
9067
7519
7293
4065
1226
4147
5360
4677
4558
8175
3849
1471
6946
1662
3964
4648
6891
6052
9310
411
7686
9162
141
3046
3577
8556
2056
8433
1249
317
7788
3221
7062
6989
339
3437
7222
8744
4176
4351
5184
3282
4994
2520
7277
9875
9311
5239
9874
5237
2608
3420
9606
3672
294
5819
8654
6616
596
1632
8429
7844
3000
9219
7057
54
9461
1944
8365
3111
9285
981
2973
4889
8020
4474
3802
2061
8448
6203
3908
7088
7575
1980
6886
2025
6192
7813
6174
6863
6857
4003
5330
2725
9130
3069
555
3352
2020
2474
929
515
6349
268
3377
7868
4953
1353
6736
6888
4644
6340
400
1171
2359
6999
1381
2696
1573
8028
5548
9793
6064
8315
3684
6786
3980
721
8859
2689
2029
9052
5244
1742
6007
6713
8774
8565
4878
1998
5193
2808
1737
5456
1150
3421
3755
2381
4831
1572
3535
4150
3541
4746
804
1978
8373
5573
2092
6993
1530
1904
2233
4830
7068
9423
3794
7107
3625
6691
7128
9043
6706
450
9610
6943
3758
6807
1548
715
838
4834
316
1834
198
2418
2642
7425
4876
9977
1181
2635
4565
4349
2869
6898
1343
1059
4332
5608
9164
8739
915
5864
9114
2522
9370
3376
57
6828
9517
6177
6207
6628
5823
5589
5514
72
2254
9107
623
5741
641
1395
4496
4220
7047
7662
199
3449
5115
1417
9900
7809
1641
7783
1721
7941
5914
4300
2348
5341
6740
5599
2119
8754
1769
6940
8616
8341
9468
2775
1935
2089
5156
1460
4062
5775
1276
2842
3166
6739
1756
1300
2740
6632
5065
676
7767
8661
1091
7429
4930
9561
5205
1523
4005
5787
3534
9119
9426
532
3837
7366
2840
5887
8801
21
537
919
1940
6617
4255
9494
6796
5083
4641
7363
4392
6573
6874
4204
3981
792
2431
1542
1438
2223
4601
9362
4976
8938
402
5988
711
5711
9884
6144
4556
5981
4944
9923
1795
3272
5418
1733
8001
59
6746
5765
6162
2770
5010
7715
7419
6537
9
4452
8640
4921
9390
1261
5419
710
5452
791
3095
1610
669
9002
5274
9460
4896
8074
1586
8967
7685
749
8698
2688
1396
2361
6941
6844
5187
2156
6664
7422
1083
3909
8852
9225
8574
1501
2261
8564
3775
1675
6295
6529
1234
3259
9506
1734
2594
3022
9638
4960
2947
8515
6451
4393
8749
8792
6503
6186
6113
7100
1221
62
2521
3373
4179
228
8590
1694
1840
4130
4818
2465
5971
82
1194
7253
5924
3177
901
9524
1102
3327
7586
6040
7537
753
2224
8162
6604
7663
1225
2515
8301
7439
1797
9038
3752
5532
3014
8275
4870
1313
5377
3918
4193
8727
8045
7811
766
4667
1503
6221
4970
9712
8308
6407
8384
3622
2627
1388
5021
9117
502
90
8982
9074
877
8918
4074
9776
6410
6748
2790
5903
558
3759
9554
6373
3500
4820
561
1855
1771
4033
4381
1188
4273
6737
1133
1818
4258
7690
7236
8809
550
4234
4426
2509
9541
9571
6346
6723
1816
6499
6480
8737
393
9741
3524
8044
6566
553
6707
8357
7152
2246
5782
5087
7598
7304
4275
4073
4669
4036
4812
9296
1817
3066
1045
4562
5389
9305
672
8724
1464
3023
9450
3324
6953
472
1274
4997
6897
2589
8037
807
4482
2186
1114
3525
6363
7514
309
9943
8027
4360
2844
1303
2709
3297
6532
8256
9266
2483
9883
1319
5916
4979
5018
2138
5535
6415
227
3393
2125
8638
8762
6165
5096
5323
7564
1646
6054
76
9746
11
830
5556
5770
2202
1983
4920
6447
1677
6140
3387
1128
7673
3660
7731
3256
5675
7745
2324
1658
9186
5699
4294
6601
5805
8132
9317
3149
9277
7397
1766
8164
7015
255
840
9326
6328
6086
9523
2686
4967
9376
6327
8370
8605
3670
5574
937
9112
8257
5476
4043
7978
6538
6006
460
8237
3244
8455
1627
1826
904
8913
300
445
6322
3194
6347
518
1858
6254
4958
489
242
2761
9081
6778
6433
1724
8260
8444
7112
2098
9604
7695
9408
5897
9833
9265
8394
5062
740
1912
8199
7816
8488
717
3584
1277
1859
8459
3048
4480
8901
8235
3664
1791
1450
9328
8487
1204
168
5803
1441
3422
2258
2720
290
1905
6485
6600
7269
6413
2645
3888
6250
7142
1055
5854
4853
2588
8113
6774
5793
5754
8464
8603
2880
4397
8845
5592
7589
5112
5340
6977
7078
2433
3916
727
5958
927
7261
746
5980
3153
9135
6965
229
7035
2858
5145
5950
3934
4284
5671
3156
5921
6126
6271
4550
5913
3991
6397
3725
631
8522
8038
5898
6353
9332
9863
3757
8908
8385
2147
9449
2434
5884
9898
7485
8449
8876
5060
7766
6853
1990
994
7940
4463
7647
1790
8272
5935
191
5784
7670
6142
4656
4133
3867
4683
9132
459
3486
6979
2620
5126
2811
709
1192
6067
1393
1473
9723
9222
7958
6464
5449
660
3915
5486
1763
2744
3583
8990
1215
6302
5227
1408
2190
3649
6270
8839
3628
8656
4253
298
6402
5109
7292
7558
9753
2309
3635
7837
3717
149
6966
5815
3855
4600
4857
5533
3966
8765
7359
231
6319
567
551
1129
9418
2039
8479
4143
5259
7646
5730
4424
6635
9918
778
5860
6195
4044
3533
6405
8150
8838
5844
8632
6902
9708
4633
4728
9673
2657
5847
4376
4355
363
9358
3397
6133
3770
9629
2683
6408
7897
7262
1025
5036
5706
4314
2405
5102
2491
7600
2096
7679
8941
6947
3100
8562
9650
7854
2157
8994
8046
9003
5337
6750
6000
314
1924
7955
535
3974
391
8401
9421
3785
855
8975
9295
3537
1599
5455
7356
1178
8538
7446
905
9180
7789
8540
1399
8697
4286
6057
8100
4263
3836
36
9995
5383
7737
1595
6170
2347
2552
3728
1190
1359
1540
3962
2067
2103
5564
175
5601
5232
1013
5837
17
5234
5382
2678
2538
8240
4000
6188
1609
2104
9084
2399
7576
8992
4570
5816
1852
6274
9602
863
6183
2591
3792
8068
1470
1172
2581
7251
7258
9466
4755
6728
3718
4449
4825
3206
7759
7360
4190
2923
23
6143
8092
125
365
2674
7232
8165
6651
6224
4983
2872
1476
7233
720
1977
6972
7130
2313
4399
9655
2757
2952
3766
6942
441
886
9781
9978
7714
3626
4924
6282
1365
8397
5367
32
7284
8821
7282
7856
4957
5012
7594
1970
1412
2179
7070
6240
9965
5136
3182
3780
9930
6027
1901
8771
6225
9590
6755
9227
8344
2311
2671
4872
9272
2168
225
2953
9260
2108
5795
9118
5338
8098
5846
2902
734
9161
9435
9846
5441
2910
8287
2054
8669
8418
9630
7998
4619
2827
504
7780
1856
9948
1
2219
8693
8351
5517
2745
8674
7984
3552
4705
8379
3451
4311
9521
2650
2451
7169
527
1564
7086
7242
1883
3645
6535
2723
8172
6521
760
6127
9838
4673
5304
1807
780
4185
5584
9484
8142
7919
6100
4893
9685
2962
2229
3967
5014
148
260
3642
4126
4678
8612
568
9503
9199
3378
625
6850
3715
5222
7951
8369
9126
8734
3287
8880
8106
2925
6123
8309
2787
5808
4418
6065
3482
3702
1519
9987
9802
6572
4109
949
6605
7431
3581
6425
9298
2014
102
6509
5825
7423
3520
8761
3165
4443
1555
3618
6137
6669
3588
5295
3148
2220
6011
4608
7172
4280
354
4077
4529
4373
8285
8437
1304
8475
7874
5987
1648
3332
8007
2291
7493
4318
1350
2149
2631
2513
2303
9692
1723
3140
7622
9992
1064
9683
2920
5334
4101
5422
1686
9438
5947
3862
2443
7010
5748
9687
9314
2123
8140
1456
4248
7462
9427
9088
406
8860
5137
4395
5089
1900
1251
8166
2543
3729
8691
414
41
1224
5681
916
9445
1289
6787
3734
5708
5004
7945
6239
8653
3199
3884
6215
4228
8639
9057
6235
5339
9175
9194
4528
429
3315
2600
5889
8019
6660
9349
1197
5777
5391
1777
9783
3574
7565
4026
5773
1825
3144
1748
248
4415
1027
1341
5207
9721
4629
7071
8570
1258
2799
9454
2652
6816
7545
9931
319
9901
8563
2200
92
9190
8523
5128
6320
7217
8067
5446
8814
3886
581
2088
3323
9502
7867
6658
4522
3599
6962
475
419
4871
1121
7288
5740
5530
9782
6754
3654
7138
965
484
8759
7687
8343
4506
6129
4937
2567
6155
1565
8862
3595
677
4241
6009
2273
2015
2853
646
1431
7472
1642
9661
3668
9414
1367
2835
359
3594
4225
9241
2209
7915
5576
8884
5979
5160
2083
2230
3700
1491
8293
5284
612
7097
7020
5226
9054
8627
2813
4763
698
2142
560
4854
5879
8476
4328
8861
3333
6465
6665
4031
2636
1336
8236
2990
2870
7026
221
2141
6833
946
813
1001
9268
5561
7140
5121
3769
9334
7763
283
6594
6258
7604
1290
1195
6727
2071
4513
9001
7880
6905
3502
8822
9116
1992
2825
9152
4027
588
302
2921
5638
1697
4978
2555
187
6020
9778
3479
7274
6571
2292
7781
3160
3571
6075
2203
5288
1009
2690
1969
5308
1522
4847
9105
2782
6835
911
1736
2064
3099
5293
7187
5677
5250
4679
9976
3084
8426
1949
6838
514
245
5961
5085
3004
9631
1517
8008
1611
799
4881
1352
2111
7241
3196
3551
1761
7683
2128
5430
7014
6506
4939
3598
2387
5943
5029
1154
2470
362
4585
1584
5310
988
7337
7717
4254
6473
2
1449
9676
3808
6268
7175
5186
7982
8983
1369
5163
9968
307
177
3474
2809
5948
4899
5506
8775
5302
8450
907
9563
464
6471
6095
6683
1119
6325
4079
3942
6915
3334
7990
4168
2073
1941
4505
9706
7881
1257
208
4330
4251
1828
2017
5254
819
9319
4182
3871
3777
7075
3357
8796
4806
5707
4118
3041
6299
1919
9337
3483
3889
5973
1042
2529
8752
8671
7146
8533
7285
4972
8882
3691
8525
273
8243
3939
8145
4047
9280
7585
6343
5114
1799
6124
289
2891
7456
8841
1579
5497
3258
4985
7694
7824
3970
690
8956
2643
4437
5653
5027
5833
4768
1380
1296
2231
1526
2140
8855
7129
8239
5628
5998
9864
1805
5840
3503
2308
5526
4092
4227
3924
5159
8686
3978
2932
5518
7634
5035
2095
35
7378
3075
9703
8505
9591
3460
9716
783
8296
2561
1672
2792
8269
473
1681
9510
9352
9808
8470
9040
8743
7018
6475
5492
5384
8496
7518
9036
9125
5229
8497
1999
7400
3896
1570
1505
7156
8457
2768
7046
8005
4271
4904
574
5040
4124
3235
990
5480
9168
2890
8103
8784
322
8763
3217
1903
3119
2410
6873
3413
8708
6041
7791
6023
7347
9640
8117
9287
6014
1222
7818
476
2295
4851
1945
9215
4206
5210
7333
8937
5719
6564
1953
9357
9364
7959
110
7460
7753
9960
4042
467
8537
5630
4223
1126
3121
8750
834
7536
6312
2334
5270
2817
2385
3844
6076
6790
6357
3720
1461
5593
5622
5655
6072
5697
1148
6780
6997
4914
2290
9487
8753
2500
6745
6682
7149
2162
1384
3662
3898
2595
2803
4442
9068
2577
4537
5568
2279
8652
1939
4157
9836
4662
5812
5442
805
7577
7228
680
8221
8187
3053
9063
6591
2788
3856
4719
6036
4860
4192
4507
99
4841
9394
5686
2496
2473
134
4758
1268
2350
7247
4214
2000
9218
9486
5752
7319
3310
7181
95
33
7970
1426
5918
7406
8227
8902
8323
4695
4037
1976
6952
4884
4835
5425
7986
2648
3782
96
3253
9827
9133
6138
2490
8850
3225
8288
4272
9399
5942
6846
5832
1048
538
1057
1531
4846
5385
7490
437
7377
9339
5605
7864
9315
5203
1879
8507
7108
5317
1138
9652
4885
8910
5659
5056
3600
5054
5996
4949
6663
3191
6852
7252
7503
2927
111
4927
2164
265
7365
5091
8518
6247
8477
5249
666
9597
1515
3192
1798
4440
2213
8425
4567
8071
8980
5704
4823
497
3027
1562
5523
330
3543
8676
6049
6914
9258
4186
5454
9120
3902
9451
4331
8701
2815
5498
5256
8725
9798
5496
3678
1410
5325
9888
9032
712
379
8070
9015
5351
10
4358
8281
8107
1103
5757
876
5263
3274
737
1936
6925
7667
6877
2664
7898
7210
3423
645
7862
2507
4213
3384
9664
9991
4816
9588
3696
5767
5579
4877
1218
6797
6870
5220
2698
6900
3094
1165
3511
8888
3952
6056
9686
5374
7931
4322
4279
7022
9786
573
6675
1082
5147
8722
1927
1655
8226
114
3986
5595
7452
4795
7328
8128
4552
723
301
262
7643
1135
8307
7927
9667
3392
6013
8519
6668
5747
3894
3132
9044
5701
8295
6690
7409
3043
8746
9411
629
2153
6361
9395
4125
3104
9684
4266
9465
5345
8109
9077
3036
9714
525
8756
933
8948
944
9709
3280
652
1854
4785
3799
9919
5936
9386
6487
3047
7605
7306
4081
2525
9331
4051
9463
4799
7343
6105
2421
1478
9434
5398
6749
9613
8964
9377
6187
8402
9406
8593
6306
4339
5511
3291
7401
6864
8847
9087
6394
8898
5061
5566
1590
982
7350
3190
2949
2306
85
6692
7004
8579
5042
6024
4239
6202
9347
211
2933
6910
3699
9020
7279
5466
9391
243
7160
8362
2403
3706
3527
4632
622
171
1873
3158
4756
1244
8776
9657
3669
1363
6173
7331
3568
1598
9184
9232
1824
145
8185
7743
2314
771
6298
5311
4067
3219
6265
8709
4473
6042
7453
5621
5962
1162
407
2735
5463
6901
1416
8790
2070
6316
7011
7805
6008
4772
3683
4408
6879
3154
7956
1141
6921
318
2783
6190
2728
6956
9047
3602
1812
865
5536
7937
1459
993
5013
8875
7455
7658
8176
635
7094
8820
5750
6106
8991
5567
2392
9348
6930
6916
4481
9897
4308
5743
77
5761
2781
7944
7949
9489
1838
159
5691
3343
1569
3304
7922
6171
8149
1649
3830
9567
2430
4628
4663
3922
6627
4128
825
8174
8300
8924
5772
6996
7573
5059
7860
4517
2894
3832
9138
4589
9633
9911
7855
4451
5132
5316
8012
7171
4323
7176
5786
939
787
2247
1469
1080
3214
4828
4569
5312
8643
5538
8680
5335
809
6263
3954
5268
945
1479
2826
7144
7569
6613
6375
9335
9969
2571
5439
7559
5379
9674
2823
6610
1946
6046
3828
1201
8386
1247
3814
9862
2830
1520
6197
8929
9600
5438
5756
6642
9485
4568
8364
2330
2460
8831
5101
188
5266
1488
2053
4699
6957
2767
6865
4310
9291
1875
2325
4749
1146
7391
1254
1926
286
6486
3202
9023
3453
9678
9231
9614
5001
673
4320
5542
7650
9903
9216
1552
9416
7111
3778
6030
3545
3
1482
6811
7525
6576
2584
1964
8551
9312
593
4246
5578
1327
5501
9302
5176
8059
7520
6294
3065
7065
2429
4461
1318
5318
6507
2672
3008
5206
2625
1362
1504
9255
7330
1578
7853
9852
2957
7346
4034
8197
458
5434
1715
8553
9129
1909
2151
251
9569
7911
8798
5421
9479
3518
7506
2026
7342
5273
4502
1444
7178
6596
5881
3038
8207
6104
4039
4559
2605
4811
8755
7980
8434
5702
985
205
3897
2726
4724
155
3110
3522
1275
3771
642
8278
3514
6769
8211
138
6681
1489
2166
4288
9925
4066
2422
7403
1451
4389
6741
6232
6439
6029
3615
5006
7939
6275
8832
8311
5407
2536
6630
8017
821
7852
8042
6483
8707
8328
873
5170
7603
6181
7433
6812
7973
4718
7085
4691
3730
4754
2974
3033
7301
1674
542
6374
7803
8413
3948
9056
8835
1414
8954
5352
5282
7971
4787
692
4822
3432
1659
8446
2579
6631
4289
1930
775
7839
5253
8687
3516
4996
6524
79
4379
1882
4421
6074
1753
5296
6729
9694
3335
3820
1458
7579
1689
9417
4183
1604
5826
8480
7283
7697
5069
8963
2975
1683
9698
3145
9513
3564
8596
8745
3829
9242
8779
4209
4148
7109
7063
97
7875
3557
3768
3839
6960
1995
8371
3790
5597
8126
1292
6608
9611
679
7896
1040
786
5640
6366
7497
7660
7612
1252
9283
5709
3883
2174
6092
3436
897
5321
5045
4898
1310
8474
7012
4701
874
2601
7405
3448
7858
2402
7636
1758
3093
1581
8264
1499
1109
5720
9440
4511
1271
324
4747
5870
8374
3411
806
6924
8108
6103
469
9752
498
4238
7003
9789
8155
4404
3380
6883
4606
1671
1256
3848
6703
750
2100
501
1861
9693
8520
4740
3465
549
569
8586
2754
822
2456
2617
53
1661
457
7999
6549
4132
3613
7141
9053
2424
3674
4547
4733
4085
8330
9221
3822
5920
2871
4439
8781
9448
7884
9150
9006
8962
3685
5645
8959
8824
8359
1175
1241
6593
5111
1567
4704
2883
880
5241
4989
7164
4217
9340
5135
2423
8188
1538
6700
7792
2682
5723
2346
918
6199
526
7055
8483
7218
1772
7148
4091
1985
277
9946
5778
5291
7693
6587
7150
3208
5700
8958
9158
6206
1085
3246
1587
602
107
5908
8222
2189
2043
9823
5467
8396
1920
3163
8618
4549
9733
3878
1751
4345
3271
358
6053
8218
9724
4676
4752
7946
5165
6671
4396
7938
9909
1323
6409
8305
9244
1729
8465
3561
9345
1229
1267
6369
8942
7649
252
8778
7526
1053
3724
510
3031
3639
8073
5175
6089
3374
6238
8054
9912
9238
4259
4219
2602
6701
9963
2122
8324
3174
3831
5493
6896
4110
5231
7215
2050
348
8372
7495
3858
247
2937
1549
751
3677
6033
2372
2976
1860
1000
1031
5092
5758
2154
186
7729
9483
6457
2704
56
3064
3455
6869
6158
6442
655
7698
6697
7317
6517
8203
4596
272
5504
479
7947
7402
6078
5278
8681
6332
1068
7032
8123
1975
6976
4573
1914
8529
1373
4352
1690
282
2109
5427
5827
4627
4307
6044
1094
8957
9458
7701
9905
5039
6021
1130
3412
9007
6231
4202
7323
6259
5049
6438
9840
2148
4012
7968
2729
4574
4655
1032
1974
5484
7529
1075
1916
4771
2837
7174
3240
3713
4862
8421
5199
6841
793
3623
5194
7572
5180
1125
1863
7530
4739
1090
5544
4836
7394
5507
9889
5883
523
2049
5668
678
4861
4120
1228
6004
3703
9825
2955
9707
7995
8629
5742
8095
6301
4631
8949
7045
3227
6125
6609
4566
7305
9659
4539
4925
8621
8422
2130
2762
5968
2170
2795
9070
9371
5660
7632
8834
337
9045
9263
4929
9410
507
817
1561
165
4319
5015
1185
8668
4732
2895
8200
1660
7314
1093
3139
9245
3021
6909
6798
3972
7677
2970
3262
2412
7310
4207
3067
181
5505
6849
1765
2991
7866
6176
122
8864
5240
6308
1227
7987
5157
1556
3657
8607
2101
2277
4803
7165
6761
5076
7426
9935
3727
5392
8650
3562
3953
6767
3293
6094
1566
3261
6256
6284
8644
9832
7488
8146
5201
6847
3647
7833
29
1246
4780
2047
971
4427
6856
1911
6929
1404
5502
8347
7000
811
7682
8566
1123
7846
908
8143
8977
3719
9774
3115
1273
9049
9401
8391
8486
7538
3130
2867
7935
4283
1802
5081
4934
8003
7122
4541
1021
930
6547
1948
8004
1929
545
9971
3179
5046
6444
9239
9498
2502
9908
3731
6862
8360
3024
991
5094
5238
9576
1465
1820
5277
8340
6219
2461
3688
6578
8399
3426
590
8084
8316
2716
5393
5182
8130
882
9346
2564
868
203
196
8363
9596
6906
5336
9247
8312
984
405
7626
4510
8631
8816
7092
647
3658
7161
454
6403
5997
9526
6518
7494
5402
3569
1819
1518
3471
4046
8355
7324
4622
2236
7481
2816
8892
1717
4725
9696
4832
7512
1619
4105
8955
7006
6772
8205
3152
931
7562
6191
1743
4134
9151
2234
6589
6304
2551
8349
3120
8321
7234
100
6488
2341
4684
2339
9837
2150
395
2198
461
4242
2425
8689
4797
6134
4578
9106
7376
8591
8096
8041
112
8498
5992
5465
9632
9582
6531
500
6121
2316
9372
3117
3478
3733
7584
7393
4668
6047
6620
2899
126
9824
7934
5082
1189
8829
5100
5243
800
6448
9998
4686
3305
7353
4645
6859
6655
1316
9425
253
4113
3247
2266
3216
6019
5140
938
9933
4122
5172
714
1796
4058
6734
490
420
2580
1780
3531
4544
5461
2727
4809
3512
914
2534
6712
2653
2442
3263
1630
3793
2382
6511
4951
7807
9742
940
2623
8510
9572
8685
3370
6735
9568
3735
3999
1764
9382
9700
6063
4075
5692
3159
9493
1602
1596
4268
3671
2501
8250
845
7303
7923
5030
5780
3083
2232
9407
8179
4702
381
8587
5933
7223
4285
6904
2892
6290
1665
12
2366
6412
8853
377
8358
8622
443
4298
4767
4981
2440
2612
1744
1418
6166
730
5280
2592
1654
2358
7126
7332
7751
9492
8531
4813
2518
1803
1525
6624
4493
7985
6062
3186
2800
3454
5830
1240
9937
4762
1420
7145
5294
8153
2632
16
7265
6109
8414
3803
9228
5127
7624
5356
1481
8247
2969
1866
8297
4348
1910
5557
9805
4260
7116
8572
3176
7786
619
8620
565
4784
291
3074
7475
8319
7381
8267
7487
2748
2864
5572
3320
7469
8923
8810
6077
9443
997
8827
1847
9577
843
3693
7921
4281
1079
7823
9214
7113
8332
1382
1884
6689
2964
8326
3762
7925
5551
1634
4750
1961
7556
1333
7044
9033
5874
2323
152
226
4334
1447
3055
1966
9025
1389
65
4321
5074
1601
2908
5937
6743
9564
4738
2692
2476
6820
4674
5643
3825
5603
2488
8905
7072
5223
1137
587
5661
432
5196
1571
5315
3650
909
5620
3666
2616
3248
2383
3489
3859
6060
15
687
9342
5716
6705
5746
7712
3285
3579
7272
7597
7543
708
718
8273
4922
303
8909
2734
5724
5768
6359
6079
4986
5934
4783
8212
4521
4211
4412
7418
759
1110
9671
116
3171
7936
3651
1832
4643
2335
1302
274
4483
5093
1871
4792
2432
1775
2510
5369
9018
9509
9212
5939
8122
2918
5932
2659
5166
9313
6908
1282
4422
8062
9472
7369
610
9165
2614
3695
2749
5426
3243
7325
1553
872
1117
1360
5428
8672
2250
5764
9958
4542
5729
2633
5562
3510
5531
8582
7001
7901
1231
1644
2435
3513
34
747
5362
5848
5537
6286
6283
4770
3089
4635
2919
1643
4499
433
6800
6554
4297
1559
2585
8217
9201
4142
210
3188
4652
2565
1433
5189
8490
7009
741
6470
7568
4670
8628
2801
9153
340
613
9374
9041
88
8532
9069
1514
5845
2940
1230
2739
7101
8338
3299
1339
2376
6559
4844
8731
378
1685
4229
857
7298
7566
6039
9535
1176
9299
2713
9647
5483
2163
3002
3355
2879
6789
3267
1493
8998
3800
7339
3921
1423
3653
1928
978
4197
3521
399
5099
9855
6110
8009
607
3157
9075
349
7294
5002
1755
7795
8567
1355
9367
5929
957
3051
4848
7741
6427
7273
444
2051
4577
1051
627
5286
3873
3232
7417
93
3903
5235
8248
7473
1019
5041
7185
2115
4692
9518
585
3020
