10000
6634
6383
547
5663
2920
3766
5672
590
1221
640
9861
8905
40
3461
9144
8093
4957
2373
8036
2030
519
9025
8342
4700
7822
266
416
5345
8689
2896
8511
6436
9914
8462
5463
5797
5706
8522
7856
2357
1618
9551
1280
440
2024
1979
1050
9751
8532
8526
4050
4080
7672
3840
7237
9725
8417
1051
6868
2464
5367
1711
2577
9444
405
5891
8194
1568
2753
4348
8219
871
8143
4148
1965
6241
7806
2231
4782
4416
5410
6835
8678
6511
9079
2974
7996
8430
9988
9531
1759
6344
8751
9014
8193
8894
8122
657
9238
5932
4980
6171
7218
1931
7688
3409
5945
7302
4619
3099
9552
3660
2188
787
9682
4591
2496
2074
6686
8110
1176
2626
2963
1205
7918
6443
1515
601
1134
9506
9642
1419
5331
6350
3880
2139
5548
6058
1952
9149
4090
7982
6246
15
7142
9100
2649
140
12
4386
8440
3906
5597
9709
5105
9589
9473
2502
9856
2451
2090
5922
3464
6357
4746
6599
3877
1060
7202
385
6124
9658
1012
6601
6586
1426
5670
4808
5012
8454
862
983
4384
3886
7648
2460
8049
5484
4776
873
5811
5130
1171
9126
8285
3470
6600
2825
7913
9145
5669
6681
3929
9984
9664
8035
6113
9421
7633
9063
5197
7828
1563
5647
4107
8825
7565
9067
290
9966
1814
6381
1150
9613
8942
6090
5974
4976
9874
1245
694
3443
1292
6136
7882
3790
9862
9916
3739
4323
7076
9195
7851
7728
7763
8293
2677
7156
5202
5319
5270
4683
4330
9391
7956
2799
8966
93
2299
1757
1095
3895
7377
6995
5990
4401
6060
142
3617
3777
1958
4212
5030
5307
3989
5212
4109
7311
3343
4871
6035
3458
8539
5834
1410
5029
7938
6875
429
7133
176
6254
1753
1888
2554
4909
7907
8074
6157
3322
690
3393
7664
9220
8354
611
3347
8835
9423
8927
2530
9508
969
635
2515
2816
6737
1929
9277
9911
7278
819
5684
3015
8310
4922
6167
8255
9783
3106
858
4729
3667
8180
3269
1315
8744
8683
2941
2928
4114
5908
2272
9626
2265
4935
9679
417
1390
587
419
3848
9338
2363
225
4740
4991
9803
4135
2466
8296
5222
5010
5947
2831
4672
3158
5568
9242
2356
1897
1005
9181
5416
5072
5950
7809
8779
6700
2117
9016
6648
563
2624
9600
3606
2935
516
315
8231
2784
2542
8512
8053
7653
1876
5038
1023
1953
4373
3769
6682
6447
859
1218
2641
9739
7921
1516
8695
9596
2333
1995
5854
7147
3235
5781
4744
8135
2170
2290
5043
7197
9995
5479
1190
9832
6325
8882
6194
9854
1621
3785
6339
1235
8818
5821
1975
9055
3135
3818
5541
827
4437
7376
583
3481
5683
7953
7539
7179
597
5195
5027
6884
7231
9715
2942
9211
9693
923
8963
649
7782
3628
8997
3309
5779
4858
1401
1481
5913
1058
259
9022
5539
7670
3350
7512
7024
2673
7293
8802
9141
1639
2585
639
1334
3510
4215
8274
9774
807
4676
6784
5437
3634
5905
2000
6684
7453
6442
2398
8046
1024
4023
5474
2121
8471
5786
9031
4341
6782
3245
2528
2872
7078
9957
2146
2011
1510
3775
7392
5465
1363
8401
2071
8761
7391
5765
3648
4041
2367
6915
1579
7113
8366
5259
5111
6863
1159
6478
1143
5729
6459
1151
7717
5226
2557
3077
8630
536
9668
326
3103
9579
6762
7790
7120
2961
1185
9267
2635
6699
566
8714
9983
8609
8411
3616
3770
1293
9276
9152
5680
799
9202
7740
3317
6131
9978
9306
3151
3042
9387
3835
9965
1175
5816
8432
1990
7660
8646
5021
6876
5281
5698
5432
808
946
5509
1946
8795
9968
198
147
7765
2140
6389
1415
5747
3985
1819
513
3791
7795
5434
9697
6039
7394
6632
6802
4777
5189
7755
2492
149
3432
3699
1173
9349
1544
6896
3823
911
5301
1491
4523
8982
7624
3398
3177
1282
5928
5619
1250
2565
6498
4000
8220
1045
4989
3796
3829
7840
6719
5102
7485
1255
2234
919
3721
8469
4823
7319
4163
5353
1391
7622
7089
485
2033
5321
9720
1248
7210
4227
7165
5373
2310
1561
1570
7981
751
168
8204
1793
1183
155
7027
7126
7540
9812
6451
5452
6677
6397
6049
5303
6739
6595
6987
3064
5708
1450
1188
3927
387
7399
9370
3550
9647
2936
2827
381
8567
6693
6291
9209
145
7581
7016
8682
2366
2226
6022
7154
6827
1613
1771
7071
7714
2053
4055
3995
9572
9293
1604
6510
7315
1385
85
1049
9513
8703
6858
3512
6968
8926
9285
7123
16
855
8452
2016
4262
5211
7158
3707
8236
4136
9907
6185
5330
6610
3641
7208
1603
3572
3776
8696
2761
6795
8943
7101
1530
8777
294
6940
3741
7452
6437
8458
6222
4532
474
344
6394
5968
5892
3361
51
9121
9880
1652
7602
6732
498
2080
2686
6905
3029
8912
200
3203
7275
716
1259
455
8671
3720
3291
5429
5505
5013
1514
2696
5530
2607
9477
845
3394
8781
7239
591
8704
2521
9517
2853
7353
6269
8483
9842
4399
1945
5019
2878
842
7081
1698
7525
2076
9501
3136
5487
6258
7091
1693
2962
9116
3690
2195
4854
7924
9083
8460
2805
5383
6353
2381
9414
2756
3243
52
7447
8631
6505
526
4643
2485
6432
6087
879
1894
1434
1673
307
8756
8451
6819
1017
6057
6048
9216
3246
268
3637
5915
4973
3933
2
4856
2371
2456
2442
3953
3241
2197
4800
1657
8527
8600
9840
8758
5172
9326
8803
348
8573
5075
2059
9336
8734
4304
5042
5776
3643
1277
3022
4395
3551
1330
8123
8031
8278
4510
2007
6611
5804
3374
5766
5628
5976
3157
3328
9860
4443
7534
3504
4277
8968
2027
9904
4665
4144
1822
9536
7074
2441
8768
4410
6859
1741
6280
3304
9964
153
5694
7952
8409
872
8073
8418
7619
391
2401
1439
2519
8125
8238
178
4682
7344
9320
4829
6045
3199
6074
6362
6950
7884
9640
9743
5727
8050
8129
7436
8007
6880
6191
9557
6579
6748
464
73
5852
9814
8416
7396
4052
4246
4509
1833
3676
3725
1815
2278
6618
884
7585
6302
9674
3078
846
5726
5357
8908
885
4081
1083
4296
537
9721
1192
1165
1319
5180
5763
3363
6368
3380
4632
6238
9780
4046
7138
6653
9766
7997
1338
6475
7805
4137
2095
9162
836
5242
1147
3710
423
895
5151
5110
5208
3608
463
3677
2393
1551
3079
9413
105
710
8225
5939
7045
4904
398
2079
2019
7769
8128
9738
8613
5923
2985
7780
7988
9882
5549
5819
2179
2712
6155
4408
1593
6418
1704
8716
5485
5508
7439
5091
9043
6333
43
4273
9139
6424
2581
1271
3232
8814
5924
562
4036
7334
4596
920
8345
7310
8322
1345
2953
3635
8281
3234
3569
4190
2167
7885
1660
718
5190
9881
9305
9476
5063
4566
3938
349
2193
1144
9786
9449
7757
2252
8601
2625
112
7914
6480
4693
3174
3613
5676
3161
9541
7189
1473
6939
2326
5949
8244
704
1038
4939
133
4366
9559
2335
9764
6075
8930
8347
8493
2791
9927
6842
5987
8041
2994
342
1499
4578
8356
731
8353
7279
4715
5178
7947
9245
921
6767
1098
1567
4743
4900
1384
1863
2633
3779
6571
1576
7608
1085
2814
4627
5217
6413
1842
1829
7615
6259
8612
2126
9288
6846
2918
6991
7555
4798
6086
312
844
3755
7200
3912
7749
2750
3334
331
3095
4232
7819
6918
6006
1976
7057
8843
2425
3866
3488
2767
436
3312
3047
9107
5899
5827
7825
7684
5469
3688
1164
6392
1454
167
3600
1539
8661
3876
8774
6472
4320
658
3846
316
2323
5323
4054
5966
728
8806
129
4906
1512
6537
867
4177
7153
465
3392
6872
3531
9952
4075
6562
3763
4378
4884
9651
3789
8013
1646
6834
3251
943
9244
3143
6778
6034
2232
7899
5205
1766
9150
1226
3837
1270
9177
4126
3466
672
7520
4930
9103
7932
9878
7834
2462
9366
7702
5936
8755
1581
2052
739
8243
2283
6861
1228
352
6050
8470
4762
5592
5805
4754
9769
7853
4388
2021
2392
6703
8542
7550
7283
9322
6479
9490
9928
709
9422
354
3358
4111
491
8754
9873
2856
7112
8759
7927
7912
2478
1206
6406
1389
6345
1317
4147
3403
3148
7904
5916
876
3679
3683
5605
2522
9002
6662
6626
7093
7916
4749
7328
8264
5848
8828
2176
2099
1382
5609
304
3571
2691
1177
7012
6903
1588
720
939
8959
5613
301
4053
2469
3335
6701
347
9606
3273
8547
4521
2832
7401
7451
3607
600
6929
8484
6707
4048
6227
1731
5749
2075
4131
9650
1184
6201
2880
661
2990
6930
2703
450
8638
8690
1200
4004
4530
9315
8062
1801
4234
1161
6363
6517
4337
2845
7053
4478
3118
8822
766
6166
5623
3399
5826
9132
1664
8132
7044
280
664
4563
6689
2596
7330
4049
2876
1486
9309
2777
8660
9787
7086
8210
6976
4517
6184
5514
2050
7658
5751
6873
556
6046
9441
5025
2031
9493
3999
8740
1123
9168
2405
821
2882
378
216
4644
125
5336
9359
5799
8707
2329
9275
5296
1148
5070
7349
5136
1905
6175
5419
7643
7743
7180
5362
1609
1791
8597
6914
152
8197
756
8907
1359
6052
7827
8895
2102
7360
8955
1806
8903
3040
4019
4364
8629
5398
961
7149
1241
7836
2593
7356
5666
1839
4695
5753
4031
4179
2038
3215
9941
119
4224
7554
1118
4461
6197
8789
4506
4908
492
736
6534
4481
8018
5873
9229
9058
7951
7018
9251
5318
7150
907
1831
4103
9672
1209
4550
9644
4537
8624
1592
7069
3308
8899
9987
7484
9313
1685
772
137
8635
9936
403
1396
4924
887
5366
1765
9406
2413
7271
4307
5902
6322
4077
445
8984
2119
4231
2237
1459
4037
2022
4306
8518
8884
3414
5054
2975
1582
9407
4117
8485
7249
9785
9215
8499
2931
9060
6237
1834
5745
8080
7703
5277
7055
2058
2658
3991
5062
6425
1111
2268
4462
2046
7281
3556
7986
6674
8165
8637
5402
9661
9176
4045
3581
6195
6128
8071
2430
4217
1387
6878
8929
1841
4954
8463
9553
6199
1818
6307
5636
6121
459
7598
1470
2365
4796
1523
5921
557
9439
456
8298
6654
5796
7645
5067
96
6454
2944
7526
3172
377
628
568
9019
1067
7531
6734
1862
713
6446
7251
4795
1674
1964
3702
8679
2047
648
3412
5417
2054
4791
8094
633
2447
2610
5071
2885
8392
1214
1610
8009
878
4106
2229
2563
3774
1133
2449
4555
8486
638
6051
853
372
9585
5584
2087
6395
7355
9420
6148
360
8866
5445
3023
229
6997
2614
1560
48
1915
881
5735
832
5186
8456
9271
3337
2969
1347
5385
8491
3861
7744
1202
4143
6793
8530
9344
8864
6917
6946
2470
9377
996
8084
7039
9930
7148
8541
282
2023
5692
1199
9734
7776
6119
5146
4522
8060
7807
2301
5365
1066
2682
9619
8396
8728
3816
9450
586
5948
6127
8011
1256
7926
8981
9763
4372
1260
3709
6386
1346
4990
5778
1669
6752
8249
4636
2318
9943
850
58
4191
1972
3280
1494
9316
9157
8564
7600
9204
7871
2494
4240
3956
5648
388
9159
5257
1294
3945
1835
8628
7070
3833
5397
7305
3265
636
5064
215
4269
2627
2474
3646
631
5933
2695
353
5255
6973
3314
8221
2580
4670
39
1284
330
6829
3854
2173
3599
3961
7418
3885
9091
7299
6297
2118
7424
3290
4804
7186
3566
3899
7173
2057
7285
6952
9087
3439
5624
4138
8858
4732
6013
6920
66
4552
1309
6593
6255
384
9187
1054
6839
5048
7003
6114
2742
6885
4760
2388
4409
4575
1700
3330
5408
6823
3521
1733
1768
4832
9017
2802
203
8745
3684
5978
7131
3557
4918
7634
2893
4203
234
8167
6786
768
3416
4535
1786
6621
9484
9478
5089
4244
7470
524
4920
9829
5093
3431
528
162
4440
258
4171
8490
6676
3046
7215
5107
1788
7083
6587
5055
9396
9443
3428
4569
2123
2999
9054
5369
5245
6402
7960
232
6285
2387
9466
4827
6497
5341
6135
1649
3555
9289
18
2473
4769
4888
7661
9073
323
7893
550
5247
1444
7067
814
2164
2045
1996
1920
660
1569
9253
9673
4009
5191
9263
3788
4288
2210
2264
6347
453
2493
3800
930
5825
8287
3001
3970
3170
2966
1124
5843
4208
4953
8288
1231
1955
332
7919
9949
8290
882
6721
5302
1892
8192
3505
1140
3166
8072
7023
3752
5814
8346
1666
8798
656
4398
6077
2950
6340
7647
4770
1472
999
2062
7654
2334
8557
9393
4987
5392
3048
7572
2372
4294
2898
6867
9746
3489
9481
2198
1627
7236
9556
109
5576
5555
9838
6831
7931
7722
7060
8575
1962
5595
4697
9249
953
3971
1951
7229
7721
84
7571
936
4792
2758
177
2567
2501
5148
5516
9163
4160
1007
539
5498
273
8595
9806
3013
2849
5173
4400
915
2586
3859
5248
8919
1344
2518
8668
7678
7300
4768
7190
9976
7026
6548
7750
3379
5620
5785
8809
1590
3096
4332
5409
6615
8405
5050
4428
3712
702
4650
3682
7367
935
9569
1668
4297
9777
1154
9920
8592
6984
2221
3
7586
7368
815
945
1538
5690
7655
9665
5229
9895
5903
9096
3542
5450
6627
7768
4972
7444
7050
5176
9140
175
3931
4271
31
2745
6329
9961
2308
4839
47
8467
1635
3487
5468
2752
5359
5243
86
4541
9004
8383
9233
3959
8277
1916
4421
1469
3585
7855
3108
9197
4664
5703
9756
3593
2086
2218
98
2144
7778
7420
9722
8305
8910
866
3890
1432
9164
6992
1430
8169
6064
8552
7168
4785
1808
2349
7077
3451
482
7665
8709
9833
9219
7821
7233
3411
6913
2912
2720
6332
1719
909
1686
8650
1789
7705
8897
5113
3286
1986
6630
406
686
8821
1762
8020
6210
9975
7019
5629
7682
477
5448
7430
8380
8297
8398
6372
1097
4628
4621
1291
1696
3649
771
812
6908
5858
4457
2733
2654
5329
5343
4663
9392
2584
3324
9337
3213
7167
5717
1705
1322
3706
4931
72
9328
8546
7553
3502
6535
5612
4134
7225
6518
3547
6565
9367
1129
1855
1701
4560
4801
7387
7676
9044
8587
4981
6887
7264
579
6757
3180
9727
1127
7903
8445
3862
2336
6798
4649
6907
1364
9020
7059
4568
4403
1622
8561
9386
3389
6937
4850
1196
468
8161
5697
8724
9330
899
1018
2881
7290
5582
4062
7611
7794
8314
5364
6268
4247
699
5261
982
3031
7761
9006
4006
2657
788
5589
9040
9896
4865
9237
1813
5138
3992
1047
3864
1457
5412
2925
1734
7176
2937
2706
9512
6367
3685
4094
3041
1078
6853
9758
4847
6243
1170
9736
350
3501
5644
3909
4071
7636
7042
4141
5371
3552
2410
2486
863
8188
2865
3061
4122
2907
8258
4903
4355
7558
7785
8576
8312
3277
2874
5599
2032
1630
6284
1923
7905
7471
2276
2630
8940
1125
6759
1033
6083
4193
2285
4869
8163
4544
4703
1726
9805
3424
6200
3004
6761
4065
8393
5687
3090
7094
8887
2115
7288
431
7767
7106
7265
7389
1770
7033
9678
6250
8652
6836
3659
4173
1605
8515
143
6591
7170
917
4181
6540
7667
6727
3633
2948
1451
3140
3222
4803
1608
2666
2013
5137
437
6103
8400
7465
5893
7309
6866
6543
6843
8752
4633
8742
6036
1208
6321
5473
3781
3201
9101
2650
2037
6644
8026
1532
2235
3072
4561
6376
4943
9578
708
99
6178
7407
1872
5768
6275
5216
2800
5305
3146
9027
3729
7287
4870
8674
4129
9621
2860
7274
1917
3967
7346
3371
9243
8701
8100
4671
6439
9383
1365
9753
5395
6503
6977
1210
7580
8928
4223
8224
2092
994
2386
3019
6206
2347
7185
2588
902
6616
461
5639
8995
9732
5762
4039
9255
3904
3975
555
5897
6849
1092
6314
9730
7270
9419
4727
7739
9926
511
1016
2141
938
1063
5124
8152
2598
428
5616
2468
8164
190
4336
1655
849
8139
5495
5056
795
9036
4347
70
9329
1983
9128
8212
4759
3331
374
3579
7614
1906
6174
4439
7364
8039
577
1616
2604
9708
4515
1119
7673
8214
3963
1745
1074
4221
5069
6546
5989
9821
5845
4615
5581
8468
1871
5
285
1279
3750
7708
9649
4319
3204
5293
4698
4658
269
5883
7298
5755
8721
3573
891
3011
3982
9474
9239
5562
7759
2579
3224
7481
7697
2339
9457
3484
8517
5155
13
5250
668
9742
3142
5533
6912
2244
4026
7939
6104
7857
6840
6021
8252
6219
7423
4354
3731
5895
1462
1105
82
3997
8338
5528
5724
4125
9356
2719
3673
7378
3065
9770
1502
9094
8292
4485
2674
4666
2590
4742
2056
9273
2263
9086
2414
6423
42
6775
667
4003
6845
2230
5851
481
2574
7521
6056
5388
1699
2836
9699
1149
4583
9247
8092
4327
4241
6886
4556
6509
7796
9286
5719
4328
8723
3364
705
1130
496
9808
4074
3227
1440
8642
4495
7244
3522
5446
3737
8488
60
851
3875
6705
1702
2538
8444
3825
8178
793
5360
8800
7849
7845
2034
7854
7889
3248
9361
5141
5464
6770
237
7332
4258
650
5774
5773
1076
3852
7966
6106
4068
9368
7412
4528
5718
334
4309
588
4949
1061
8878
2070
3675
7235
3214
3454
7177
3506
6331
17
7573
823
4574
7056
6521
3642
7574
8376
7519
2967
5156
2716
3822
3576
1790
7788
3624
8075
9942
9850
4374
6898
1845
2619
2875
9412
5011
2060
7616
2416
4751
8291
1911
55
8868
8598
4469
6956
7314
9810
5526
6723
6088
2302
8879
5728
8757
7038
3850
5757
8289
2906
3819
6450
4817
7930
4100
3849
7710
5888
8829
7844
8925
6924
7064
6765
8535
471
4127
2902
822
9056
7397
3602
5386
8102
4527
2314
774
9974
972
4874
7677
9793
9038
473
6520
9683
7808
2185
2433
3993
30
6772
2743
6375
1949
1372
2693
604
8497
1957
3957
6854
6927
8025
1043
599
8850
4351
7194
3370
6671
948
3860
2583
9773
3055
5586
1574
5171
4771
1785
5856
9641
4064
5311
7034
9813
6469
244
4200
6213
2125
711
6354
3354
8513
6387
476
7978
3662
8538
1707
7425
2337
7824
2841
2181
1186
4034
6966
7250
3114
8453
2689
9826
4162
8951
7350
6955
3294
8842
5901
5324
4755
6731
509
2578
6506
4286
9514
1380
4598
6323
8655
2723
5546
5327
8086
9110
1980
6229
9741
7515
9171
7342
1374
9410
9317
7906
5335
7527
2507
4747
1274
4124
6444
8408
5165
9866
2411
5731
4845
8270
6429
3694
2219
4458
9520
2497
1938
6768
7352
7232
2599
3872
4056
1797
7433
9971
5268
9448
2315
589
6780
5121
2718
6515
4880
1412
4220
8326
977
6567
8853
3006
7426
8732
2114
4968
4407
8824
4301
6578
2291
698
6554
2481
4778
9033
7875
8428
1115
7104
2201
8106
3587
1752
1849
4652
8731
45
3455
5722
9525
5552
8027
973
5999
809
6412
5438
6824
2174
738
7783
5500
2009
2307
6449
4008
7488
7505
4514
7051
4445
506
9357
9588
7245
8510
2837
4998
8362
6216
4625
4896
8299
5393
4657
5596
1447
3853
7974
2553
3696
8114
7567
8501
8585
5351
6624
3052
3734
5381
1138
5430
7116
9287
1902
5066
6448
7683
7468
6589
9748
2162
6830
7609
4738
7021
3256
9454
5861
2560
432
3596
8606
1436
242
6860
1982
6847
1565
7959
4314
2073
2106
2055
9341
1725
3270
518
3525
8153
311
8750
565
685
8425
7095
503
4112
2206
2254
262
5863
893
6069
998
8318
9893
2228
4502
7699
4105
5784
1180
1857
9530
5738
8625
7958
408
6803
5106
2582
9172
8893
8473
904
454
427
654
7496
2687
9134
1373
6361
852
4875
6490
6743
1595
9908
6735
6547
7817
5625
1853
3724
7029
2133
8684
2489
4379
8054
9752
9694
4222
2105
5746
501
7455
114
2396
9921
6609
3421
7130
7946
4689
4995
1631
8232
6738
4175
78
5561
7490
5535
3878
4737
3365
2617
7729
869
2343
5554
6664
8823
8200
8946
3863
5798
1246
7732
1056
7048
2199
390
2431
1557
1991
324
8949
3171
1388
7513
5236
4361
2621
4836
9170
874
5876
595
8171
4214
7216
7114
7902
5404
3980
4864
7502
5853
24
3892
5686
643
9676
6420
763
7754
4819
6646
5034
4335
2110
9158
6660
1640
4394
5870
5580
3097
2675
9868
4219
7724
5754
1654
7111
7592
8083
3836
5006
6230
3285
4887
6729
1026
5986
3620
2376
7434
1880
9272
56
5524
205
452
219
1316
3043
4359
1046
903
6018
5316
2135
8765
3560
8975
6894
2821
7400
488
6356
3736
7492
8433
3303
8874
101
3691
8691
1504
1156
8155
9353
2705
5342
1663
2098
1482
1620
5880
5233
3240
8764
5956
276
8636
4389
9340
8565
9923
962
8377
3559
707
8300
5878
6256
5700
4199
1137
1740
4308
7718
2010
8859
4828
3578
2127
4713
2644
2769
3575
8669
1427
7174
5008
1717
5122
8157
7259
6062
6750
1744
3478
3010
951
8923
7631
2325
5653
4680
3901
2708
9208
8786
3445
5744
8883
6576
1010
8034
818
1522
9795
4419
9334
8658
3787
6257
9324
2068
2151
2175
6430
6730
9418
3730
9114
8357
7630
9206
4841
7143
8487
3937
4564
7321
651
843
2453
7541
6011
829
6358
7816
5249
1261
3514
8794
2648
3592
3138
663
7419
9023
9609
156
3274
9471
8935
6123
2980
1398
8159
1861
2419
543
1431
7666
1617
1008
369
7007
5052
3383
5837
2327
682
6262
9827
3911
4099
1642
3603
7599
5688
3539
7312
6433
6931
6301
9226
7760
4275
4830
5940
1441
7516
6961
197
6928
7025
87
3190
1513
7695
2370
7713
5839
3898
7280
6741
7268
3632
3117
4653
7145
9064
8390
8711
6160
2572
2763
9332
7994
4205
4149
5822
1030
4859
6467
9884
7273
2154
2224
4505
3302
8886
475
3939
8372
4589
7733
9011
7361
7545
2277
3253
3824
2503
2822
1921
7318
1225
2085
6572
4951
6941
725
3554
6606
8945
6892
4588
2609
6745
3091
1463
8147
1425
9704
9098
3326
6004
875
3951
573
9213
421
1891
3113
7552
154
620
4867
8254
2726
9325
9714
5489
6041
7217
7072
8505
3386
1959
4284
5444
9953
3754
9188
8648
974
9284
382
6865
8811
3373
3153
4986
9355
2551
6755
7992
9012
6820
7403
1254
6529
990
3950
6524
3141
6525
5304
5522
745
6988
379
2443
8108
6234
359
9310
7372
6501
7861
870
7398
4194
2602
5800
4996
5953
1559
5661
9771
5875
6343
2534
7469
612
1333
9417
8304
7450
4396
7591
6965
9345
6282
8708
9869
7811
8145
3680
2215
8472
5812
3689
8118
4493
6811
9231
1900
2843
6948
8964
608
1179
5164
251
8898
3073
5772
8006
5707
732
4540
6315
2622
802
3597
6491
4787
9817
2457
6369
4587
7775
5354
7482
2262
6636
2360
2652
3966
339
6431
2681
3460
1689
6530
8166
2970
7507
2605
9018
7625
6539
6938
1804
7597
2207
6656
9761
1307
2017
502
4414
8844
4597
2550
2306
1352
3181
624
1687
4058
1166
1326
3540
5349
8580
3740
6800
2124
396
7294
9855
7837
4257
6536
5478
7257
3149
7159
7193
3477
3087
2190
9659
1535
8450
2293
8815
2454
7832
449
8848
5166
4022
2868
314
9429
4345
375
4418
2765
8207
8854
1769
7284
817
4243
1924
3038
4264
4369
3671
1055
6089
367
4467
6379
8329
4024
2741
5477
5280
2444
3346
6812
8069
6225
6563
9369
8475
7088
8126
2051
6076
7110
1575
368
7524
1997
9554
1602
3517
810
1122
5161
3231
5428
9768
7637
2523
1779
9897
1650
9428
1281
8808
9405
940
6821
9809
3345
5370
1525
7787
2107
6272
2786
8931
6749
5829
4503
2871
8095
1676
2927
8870
9010
5235
8494
801
2249
4594
3076
9605
8195
2734
8559
364
2844
5209
8332
6964
487
838
83
9035
7704
7390
5817
3209
9241
1467
7357
2500
5637
252
6661
6179
95
2399
443
2892
2639
9364
4936
8725
6316
9005
4470
4966
8044
1368
2258
8817
1509
8989
7810
857
1748
3401
9333
2949
3814
6204
6555
6690
1763
7276
7870
9610
1395
5090
7968
6711
3473
448
8373
7263
1025
9235
9865
730
4646
7745
1751
5418
9059
2112
9379
4781
9375
2412
868
5272
8079
3658
1091
1612
8653
201
6645
9684
2499
7127
1703
6910
6232
2238
1108
8448
8203
4573
8507
8698
6623
5162
8594
2490
4494
3657
9115
1710
7292
9179
5638
5559
7267
6899
3332
1216
9824
4487
3233
6588
5517
9592
8282
5378
542
622
3964
8183
781
2819
64
4902
4218
5344
1079
997
5534
714
7102
6154
4153
2158
240
8137
8442
4084
8833
2295
2213
9858
1029
3983
764
6071
3306
1721
5930
3756
9637
5790
6295
2475
1485
6158
684
8643
8028
954
9587
483
204
2685
7252
4302
5564
6577
1393
8399
6756
3598
9760
1511
9762
6385
1648
9137
68
7632
2138
2261
2537
2204
1735
7386
7936
1659
1252
8038
7371
5387
1936
3543
3112
1155
7671
9568
395
8620
9374
8227
1671
4280
5128
7384
5294
6016
5992
2728
3668
3024
5604
6093
5712
9681
3009
7129
2191
4947
683
3191
8478
5300
7798
5273
3429
2651
3900
4119
6596
3045
8772
1549
9784
1272
7751
9351
1764
2332
7161
6763
8170
8382
7004
9265
5655
8012
300
6240
8087
6841
148
2694
6211
6271
3793
7463
4914
490
5443
4579
7449
107
19
824
335
2929
325
4721
3591
753
2165
1468
1114
4187
1628
6594
4352
2552
6142
5057
9755
2251
4833
2533
3663
6328
9789
6680
6029
9737
8516
4429
3922
3661
922
1495
8002
1809
3307
1408
6553
3069
7659
2575
6205
3920
8439
1672
2036
3884
4642
7171
9781
3883
7429
1756
196
9160
1571
692
1295
9630
8320
2402
9257
8260
4270
6188
7657
9538
9250
9105
1935
2300
4533
7132
9321
8198
617
7629
7881
6943
1203
7833
8840
8741
8465
9546
5881
7617
1476
9037
7546
5971
7066
245
257
7890
9077
5026
9388
3565
9919
8209
9193
4123
3795
9602
6597
2385
1320
3893
5657
3319
6393
5262
3378
5782
2714
2573
7542
457
926
5239
1874
4146
2623
1354
5192
1243
5117
8582
8112
8738
9486
1167
8436
166
7209
5741
9039
1075
1207
575
3007
9402
9750
7128
6508
2702
3870
828
5060
3293
2715
9065
1313
4287
6336
9951
4303
3339
7692
4089
7681
3220
8385
2240
5538
7329
5253
3686
2914
7192
4442
2498
2128
2103
8998
1681
4016
2041
2312
5842
319
8588
4701
3869
6082
2559
3316
220
5674
7421
5510
3223
8142
7246
9731
3811
6926
65
2048
1031
551
4489
6125
7028
9718
5184
5326
4974
1102
8116
4432
3109
286
1854
6994
7656
5289
894
6635
3493
2242
292
9378
4748
7289
7886
7626
6421
8245
5252
5618
1361
606
5400
3839
7865
1584
9566
1993
222
9147
5967
317
6744
5258
6805
1909
141
3123
28
5767
9074
3119
9516
6492
5459
3228
9459
3283
3990
7103
231
4794
8303
5832
8340
7277
271
6198
5295
4413
3125
5960
7587
8545
5918
773
2589
2842
7873
8253
9089
241
3028
3988
6377
9759
5279
9680
5962
9677
9710
1867
3051
7248
338
5085
1796
5086
7415
7696
9782
6233
2450
8403
9068
3111
6582
3474
2437
4607
2972
3415
5650
261
1730
6352
4685
1692
783
8639
9853
4507
4438
4464
7022
1453
3195
5135
2209
4635
5583
8361
5352
6766
9507
115
6658
927
7220
9312
5935
1837
6760
4315
8090
5739
4548
8627
4623
931
2505
4950
6281
3735
8302
653
8841
2142
1556
2096
4501
6260
2930
6031
5020
1675
2309
4929
6764
2192
8498
6186
5058
7693
250
2833
6249
3390
6305
4731
3974
160
1858
7262
2445
7639
2888
5149
9408
6724
2725
4291
2183
8500
4647
696
5788
2344
3418
4197
414
9654
912
7753
9224
4719
6063
407
3532
8461
8615
3653
4180
1336
4383
7687
224
7830
8269
9385
642
1201
8737
3940
8536
504
5737
5471
5791
4356
9274
9724
9662
2908
2717
4508
6967
937
1386
409
2289
5337
8148
9318
2864
2663
6788
4021
8979
3116
6030
2352
3792
4809
6657
5931
1371
1269
2472
5320
9691
2417
987
7900
7474
3914
8568
1927
4377
2269
7582
4477
3813
9430
5142
1289
5298
8446
3375
3062
6857
9301
6066
8771
4668
4688
3704
7085
4585
8972
1032
723
422
8055
3482
8355
9633
4783
9539
5158
3145
5787
5835
7105
4298
5382
7097
950
3778
7178
5340
8747
2131
9944
371
4933
8760
5896
9178
295
6209
3017
4793
8286
3194
6003
136
4912
8368
7547
1236
541
2257
2491
8248
8000
6751
2028
8284
9903
1411
3021
3127
9623
2382
8519
6826
1836
8502
5693
2955
571
4393
3236
122
5348
1632
1583
826
8973
2321
1449
9102
8569
5274
7247
989
5970
9841
2043
8816
1562
9270
7001
2345
5944
1941
8191
8136
9166
8098
6641
2340
4916
466
5297
5306
715
1219
3630
7037
1458
4656
394
3462
5911
7011
415
5096
2776
5664
1308
9109
3622
187
4450
346
9547
5219
3728
2250
7910
6348
7191
5885
8045
3168
1739
603
7082
9993
1238
1077
1778
9932
5572
4716
4775
5004
963
6833
8509
5016
1634
6028
1039
4471
754
7993
9447
7301
484
9909
7354
173
3221
1736
6696
1142
6014
1088
4849
7182
794
3388
7756
5185
341
7638
8429
393
3239
6306
3313
9504
5600
6877
1960
5927
9234
2319
7529
1716
8666
4104
4926
8753
5523
249
9352
896
5246
2298
5984
8360
7404
4905
4883
9259
4580
132
8047
1865
6779
4767
652
8246
592
4863
3843
9071
2487
199
3289
910
712
8004
8876
2241
2448
1651
6781
4881
9638
2408
8037
3162
9373
9570
2330
435
9047
6527
9230
9427
4102
9631
2044
6308
1948
7207
8262
4380
9390
7566
2697
9292
8276
5271
9003
2700
131
5815
7588
9934
6471
8746
1362
3693
6139
5847
9713
5313
9151
1
4846
1564
1327
2516
9397
8081
4964
8078
2976
2629
8960
8872
8063
1625
6404
7256
4159
9906
5649
9544
3567
1870
8958
1357
4959
3463
6655
5823
9363
1773
3179
4531
8659
2483
8657
3057
6298
1406
1484
2101
7983
7336
2909
5127
3716
6453
3955
4017
8570
6017
5251
3169
3714
8336
6985
2830
8059
6313
5794
5415
3000
7413
6989
8186
3433
4040
8837
3767
8402
5276
2730
4878
3584
5570
594
5372
8268
9954
5134
4545
9956
688
5116
677
260
3812
6569
8441
1856
1379
3941
9929
8902
521
7842
9843
8939
928
9705
1492
4156
4725
4184
2684
6837
3486
2812
1775
2655
7388
4033
181
3918
4281
6544
8549
2506
272
3797
3244
9331
9549
7674
7789
1455
4979
7560
2778
4764
1232
760
7457
8865
7213
9612
9075
6261
1844
3476
5491
1777
227
2803
7970
8419
4226
3681
6643
5310
4259
8283
4536
6706
6906
3841
4699
1832
4852
7164
8767
1895
4946
3523
2217
6403
4238
9283
2120
8804
8294
7764
4659
9558
5214
5668
5291
3764
8427
4654
5780
2463
5985
3327
8706
5476
97
3977
7506
8008
914
8339
3910
5975
3182
8662
1193
7621
6346
4520
6716
1875
2668
9252
9729
8952
3427
4679
7155
2424
94
2361
7510
4381
289
834
4831
8766
5284
8881
5334
3981
6244
9548
6922
8271
4276
9740
8692
2418
62
8634
4681
1479
223
3012
7650
9426
8891
3815
495
2511
6065
4272
9997
9314
5723
1377
7098
4807
8916
2569
7803
6162
7850
7414
4519
9695
6629
1475
629
4606
7922
9905
8247
6274
848
3425
7605
5074
7954
3719
1397
9106
9702
3726
8426
5991
6605
3586
6921
8654
1540
6919
1068
2707
6954
2932
183
5376
5665
1429
554
2606
1772
329
1903
4422
8160
2564
4029
4228
256
5256
796
2097
3205
6838
4202
2731
3513
1340
9627
2395
3507
8272
5704
8476
20
5347
3672
2793
2427
2248
3459
8068
1847
306
5482
1780
1332
4572
3083
500
2615
727
968
1713
5126
1041
9615
6293
1904
71
9268
36
4617
3132
5716
191
6687
1409
2355
5207
7700
1402
6783
265
1597
2428
5088
8996
3175
8391
53
7874
6742
8259
4069
7941
1112
4932
5133
5099
1233
8306
8791
9496
6247
6055
8149
7427
6972
2260
5997
8213
4490
4898
929
2768
5725
7770
298
7087
8877
2951
2746
6488
5806
26
9236
980
5977
993
1198
4185
9451
2978
7535
2015
5028
5003
4709
3732
2346
9262
8265
1286
3563
5466
116
9870
8932
1577
3614
7212
3623
5374
7240
2084
7335
8617
860
9024
3844
2545
3574
7260
7006
7522
3212
4091
2406
1611
3520
8670
752
8421
1954
3580
9550
6152
2817
4988
9601
3647
7943
5225
4256
8215
3588
4938
2729
2109
3528
8556
3589
9472
34
6673
3692
193
2603
4674
1800
3410
2546
679
9717
4326
4600
104
1873
8185
3355
4198
1487
7852
57
5681
564
4391
9815
5503
3282
941
8529
3321
2012
1191
2544
4225
3871
3978
6715
1737
561
281
6390
5210
5125
7551
3881
3973
1890
1341
5934
9688
7343
207
6642
4631
3405
4213
5855
1445
7915
7593
2556
2775
8677
4263
9915
5959
7483
8993
8184
8233
8792
7061
9254
81
3033
7742
9124
8190
6983
2954
2187
1400
7428
7184
1508
1369
6481
399
7976
8327
4237
9798
6334
4571
6391
124
1301
8618
5230
7108
9657
9938
3842
1249
7999
1944
8699
1534
4165
4082
2959
9052
8350
8206
3808
1940
700
6223
9323
6902
2669
5606
6382
4704
743
9298
6962
2938
1339
5380
5557
1792
8775
5061
1157
6718
1158
7731
6545
7868
1220
3670
2160
2350
6078
9434
2259
2539
3369
7464
9580
1774
5275
1471
1817
9522
4691
7726
7466
2205
6792
8480
6496
932
6132
7651
3553
7867
3155
1684
9194
1109
8
8847
553
7839
7188
6365
2862
9049
6378
322
102
9246
3742
376
5793
8537
4557
9343
986
5742
343
7459
2943
5442
2863
3733
3928
6428
5941
6117
3288
3761
8315
676
4083
6870
7417
2316
3035
8974
3387
8182
6573
8307
5241
5920
6059
747
3448
1194
2952
2145
288
1189
1971
559
4739
7092
9389
418
1403
4786
6797
1985
5454
3104
9967
7594
581
3715
1907
4390
4014
7340
4447
2704
7747
8280
522
1461
6733
5123
5288
1999
4567
1879
5792
2178
4648
8726
2065
8871
981
8121
2471
6799
5483
7304
1381
1998
4448
8917
7595
3723
1337
264
7402
4766
6982
3164
8117
4253
3748
1323
7813
3360
2438
3452
7557
9183
9008
7495
1988
5578
6202
1989
6410
6047
2513
8921
7047
4992
8301
6893
5422
5338
239
8099
9070
6226
3782
8924
3287
544
2317
277
4311
5689
424
2526
3916
4816
6327
2771
5836
1883
5254
3060
5145
7395
2536
4590
8861
7709
569
4110
9703
6318
6371
2541
255
2809
2270
8410
6746
2713
3942
3708
3934
1351
5015
6694
5095
6120
6754
8375
6963
8003
3780
7635
9689
1392
7694
8838
1755
8199
3351
3805
33
2432
740
8349
5831
4848
6550
979
5846
9431
401
4626
479
1141
2130
2879
305
9864
5621
6975
9804
2029
7862
955
985
5032
4044
2676
5529
9719
9173
1072
6688
9848
8938
8341
74
1760
8577
4940
1521
6542
8749
7784
4784
6264
7590
117
412
2510
7224
3413
2690
1296
6986
3545
5886
7858
916
2378
5269
7831
3469
6769
9778
4910
3678
8712
9876
695
3075
9026
2111
1709
3858
4543
3650
7489
5472
6726
4985
7041
625
9946
3184
1825
8384
1204
6794
9339
4368
2397
1644
126
964
4057
5710
4840
6809
6817
7576
7532
1926
9816
1162
8211
9970
6879
9264
8918
6351
5961
1212
3703
1572
5759
8309
6072
2081
1290
6096
3147
6774
5695
9879
7823
7221
4452
3656
7791
9890
8024
2305
7169
4605
6904
1925
1153
4613
7500
3150
80
4728
1555
9822
7480
7135
7373
2850
9072
5752
9061
9214
8947
9898
5496
5040
7627
3546
118
2995
2504
3925
4901
6465
5900
3249
5314
3874
7691
1416
3422
5150
918
3879
6932
8673
3242
7530
5384
9269
6945
3377
4815
9922
8856
6528
4811
3652
7579
762
8867
7847
8313
4504
8508
161
77
8330
9371
703
6070
5691
8154
4424
4486
8969
4299
3187
4761
3471
7382
3887
3318
182
6568
9488
5801
1690
9900
4292
1350
5000
4835
9555
3727
593
6111
5389
6909
7786
6695
4128
7043
2284
8168
2983
7737
1591
9523
2148
8593
8563
7967
9622
2018
163
2286
2597
7577
9125
44
6310
9161
4251
4343
6388
6221
3640
8953
4289
8449
9416
3615
5659
7000
1507
7942
7084
877
3456
90
218
8394
4013
8181
959
1197
1981
8172
1263
8474
4677
6810
4818
8999
7228
8521
9029
1908
8420
1234
7226
309
4558
8134
8364
2735
458
9482
4868
3271
7863
4169
7437
8216
7323
7793
883
7223
1526
328
9167
4397
8607
9707
8263
4002
2439
472
8370
6825
619
8583
9354
3385
6190
4499
2220
5515
3907
7196
1096
186
733
7063
6844
4690
494
4139
6970
2592
5108
1746
8324
2889
5368
3784
3996
3538
3621
6822
9460
6581
1977
1355
2233
9747
4088
8389
7928
3629
8608
9041
7456
4333
6590
5282
8201
336
4855
8479
6974
7961
9335
7752
8205
7887
8029
4773
7746
7058
5169
1195
6901
8566
493
6032
5467
5640
7843
9440
7859
9818
8179
9156
8447
7898
2348
988
3310
4133
7773
7977
3137
4993
6936
2979
8414
7860
6990
8977
7707
5333
6456
2168
726
2354
6373
4392
4662
9136
3738
5431
8785
5907
2852
9436
2116
6953
2671
2157
7620
9888
9261
5045
144
8590
9499
8482
8826
9991
6165
5175
7802
5646
3913
2736
1342
27
3281
9118
4724
2520
5631
3279
8459
2236
5346
3745
9381
8591
971
7157
4038
1543
5890
1600
6207
701
1273
890
7917
5287
5260
2091
3998
2838
6513
2766
5527
3772
8875
800
2751
2867
8067
9959
5263
7348
9021
2072
7511
8257
3295
7338
6228
6435
8904
3948
4797
1937
1071
267
6603
2482
9122
5480
8717
3765
5550
865
2524
4027
3962
615
5115
397
1531
3960
8730
6495
1318
3626
6085
8885
5005
8226
6993
6276
7313
5696
632
4812
8115
3530
5813
2601
5167
2275
6552
9711
5771
9767
5840
4965
8202
4404
8651
8641
908
9519
7079
4609
3202
9836
7878
8548
4753
4145
226
5926
1787
8790
3110
2434
6541
9820
4736
8632
6476
7295
5460
8611
8235
2857
4329
1653
3749
7461
8363
2897
4882
3919
3491
9849
7799
4087
4066
5081
4331
8464
5470
5641
1658
5871
1314
8358
7266
7175
1589
3226
3508
1168
6710
6118
6979
9489
7054
2342
1178
2104
3994
3897
1065
5585
5521
1520
4317
1706
5198
3762
830
4997
441
3500
5671
1331
2774
2067
8540
792
6807
3760
3039
4230
614
6944
4261
9051
6559
1930
3193
9207
3674
5355
1547
7339
3063
5206
6461
1969
3085
4516
108
3261
202
9210
5317
1407
7362
9877
1866
9889
8784
3071
8064
6933
5018
4472
6678
9614
7911
9190
2939
9403
6561
3183
2981
5232
2182
5849
6417
6725
7472
5299
8560
4488
263
5265
2467
6309
9749
3744
5536
8743
3352
10000
5864
4267
8113
4604
2171
7685
8379
6551
6486
4195
3943
5377
5914
880
2899
3947
3268
7253
3830
7984
4254
4483
1490
2923
5789
9745
1683
9528
3342
7944
6649
8763
4999
3121
5981
2517
1932
4
7146
3527
9104
8273
174
2026
3185
6949
351
627
7306
9796
6187
5001
505
811
7815
1542
8950
1053
5502
3107
3570
9772
6245
4073
6850
5221
89
514
6777
2465
4059
5614
413
4449
5159
9291
9937
8672
742
8343
2375
1720
8869
5645
2688
135
7641
1082
1636
647
7222
9509
8675
3049
7812
4142
3278
7774
3255
3713
5996
6957
5350
644
5574
8311
8173
111
1970
6608
5035
9248
8223
5475
1580
4678
7575
3436
949
3420
5810
5144
4750
3705
2806
2271
9130
1601
4188
9802
4673
9603
4402
7326
1691
7883
678
1052
9969
6776
8621
1729
4463
8042
4204
130
8323
1022
9875
1816
947
333
5525
7725
7618
4994
4941
7962
7564
4189
7538
9986
2591
2136
6009
8431
3131
6900
2570
4365
5702
138
1517
7331
7909
9350
1213
4911
9687
8700
291
758
3868
2461
2509
5713
721
4484
3197
4861
1229
8889
8778
7211
2611
7820
1136
9985
3803
4479
3167
3511
970
434
217
584
6999
6399
5153
7933
6758
9989
5769
4061
4838
3515
5964
3687
6790
3154
6773
2064
3722
9960
3344
2459
6434
4821
9744
984
4115
2595
2795
3944
92
7623
8736
7017
2781
6897
8605
2379
1802
9456
357
6100
7322
5285
462
9458
4196
4525
839
188
2400
4534
4977
7118
2613
2163
3408
2374
2738
1545
1864
4707
5449
7286
9182
645
1489
933
5874
9165
5758
540
1135
4538
9205
4349
4641
318
7491
5080
8043
5887
5283
9485
5497
366
2683
6149
283
1784
8543
6097
9973
2571
3391
2710
21
3257
2476
4634
8088
3092
5679
4717
1343
6712
5177
8528
9872
9847
6592
2304
3084
6804
2196
7686
4752
5051
7971
9562
9082
1527
3165
798
6094
5427
8101
8138
2698
7121
3577
2194
2294
3126
9174
5869
8705
1276
9009
5994
776
6814
8558
2815
646
5039
1456
7735
7603
4923
8694
4651
7136
1035
5685
5652
6143
9319
9844
1795
5627
8702
2415
9990
7181
2089
4096
4820
8133
4174
4318
8782
9859
4790
2680
4079
4834
6359
8933
4011
4584
5602
2403
6338
3986
9573
7151
5024
5775
4961
2903
9155
6110
171
4630
303
446
5866
7493
1360
6147
596
9196
525
9598
4513
6934
1211
6808
2861
3397
3865
438
8222
8124
9442
4518
888
7261
1003
1435
5139
8680
4150
9912
9358
6061
8839
1820
3353
8523
4334
6287
4417
7411
5662
9543
5160
6112
6182
1761
1353
1465
75
9365
4686
9437
5642
3058
9648
2997
9093
9617
674
6349
8656
8965
4455
3105
7440
7990
8980
4260
6702
6747
4844
2699
7517
2740
3711
1614
4313
5114
7663
1422
655
9996
4182
2243
3381
567
4405
2947
8948
499
2760
6531
2208
5044
9191
770
4339
8799
1607
6507
444
7460
100
5542
9526
9567
5120
6040
5547
469
5879
4085
9698
8506
7578
5361
5841
5802
691
530
235
4772
9112
3467
2919
3264
3093
5199
211
2069
4603
3891
535
3305
527
780
9735
3198
533
9438
7864
7073
669
8976
4814
7736
825
4886
2108
442
2895
1264
8920
6180
508
4010
6672
7612
3809
4166
2003
3827
1126
7548
6005
8369
8992
570
113
4375
5132
956
7446
1287
7409
5571
9470
2678
35
7477
1037
7613
2549
6218
1121
4316
8162
4927
1132
689
9175
3129
6108
9801
9852
1994
2480
6317
4430
6366
5954
6
5286
8845
9057
4465
9913
4890
8175
6212
6193
134
6951
1823
8663
6277
9258
2253
9632
6458
7020
7814
7897
2826
8834
5278
4491
8544
8174
5807
7241
1868
3026
7543
9574
9586
4032
1677
9327
9696
6137
6311
746
9788
5511
3188
3440
5143
2900
3359
2870
9046
1828
3873
1615
9583
6487
813
8295
2665
6815
1460
4382
6380
934
4539
8140
9446
8066
5264
1714
7818
7065
8645
3025
1283
7601
5426
1278
3847
284
6753
8061
8554
6514
5435
38
2790
5457
8076
1367
2628
1013
6874
5808
5077
4480
88
2724
671
2987
517
2859
7549
5315
719
7972
9887
7501
9464
3217
3263
7779
6462
889
8810
4873
6300
2772
6617
7172
6980
4030
6144
363
546
4070
8944
3601
1919
5862
2808
5379
8514
3003
3267
9362
8051
8581
6455
4209
3806
3419
7948
7
3315
3362
3435
8023
7841
4279
8256
2495
8381
531
9582
9845
8228
1375
5617
3340
2632
9595
5537
724
6852
512
6012
8773
755
1524
2934
1247
1090
1678
3005
3972
3625
7680
580
4245
9892
7162
2351
7829
3300
4420
744
9281
59
6409
1217
8991
4639
6789
3053
7393
3838
7375
5946
5492
63
1747
4406
9256
4645
6130
8335
2739
9415
8640
9885
1423
9203
5218
4565
7934
898
3366
2245
6027
6159
1011
3395
1518
9260
3014
7195
4229
5963
4164
8836
7243
717
6299
6942
9400
6176
7109
3323
8237
1113
9294
1021
4774
4733
4474
9143
6958
2078
3952
2094
4078
4919
2926
1860
1417
6326
5405
3453
7374
5611
6092
9503
3372
1910
6360
9469
7140
8748
4005
6099
5594
5112
247
6549
520
8489
6408
4239
6470
2324
9013
7443
5083
6214
6947
3133
840
1146
3430
9628
847
3976
6463
9597
6650
5455
681
6441
6869
3651
778
3301
3582
1541
3857
9409
5743
2153
2311
4805
2722
8158
9297
10
9620
9999
8533
2846
9775
8033
7963
5951
2020
1633
4511
4274
7804
139
4789
3610
693
4758
637
5736
5421
6482
2794
164
1498
7945
2884
1239
3081
1101
8334
2960
6079
6717
2368
4012
8956
2562
9487
3903
6740
5014
1830
8860
5441
5573
5980
3229
7052
4095
6335
467
7766
121
5667
3338
9675
3367
2820
8857
380
2512
1889
1803
486
8978
3404
6140
1100
5041
7734
7152
7877
8633
3020
4640
5756
3969
9300
548
5157
2818
5938
1732
2858
5919
410
1724
9463
6638
2988
2390
5998
5917
1738
2587
6566
7559
3516
8196
447
4745
4554
9295
3888
9296
1961
1728
9200
3930
7738
1258
3802
1901
7826
623
3773
4526
790
192
8937
3122
6575
4984
4862
1034
3207
9050
1638
293
9754
6666
5601
1378
7640
9726
9700
3356
1329
9963
9425
2540
2066
5481
2186
1665
2040
7238
2409
1466
1169
2001
49
1145
7214
9500
7607
3801
5867
1448
6935
110
3396
1758
6073
5094
7473
29
1629
7568
9080
8665
195
3894
2477
1303
3664
665
9452
9113
3518
1968
3958
8729
6625
8261
4675
2656
9776
9629
5677
3612
4154
5675
5059
4837
6584
1776
6008
8017
1852
9656
6080
8477
6177
120
1094
1163
9948
2225
6163
8496
9794
6242
8001
1743
4285
831
8971
7325
2957
1637
3826
4265
5630
1424
2423
1152
5227
4236
8325
5109
3631
1843
1420
7935
9445
2921
7227
2810
1223
8319
3056
1089
1554
3468
6468
6400
5865
789
4660
4482
8715
2977
4155
1503
5488
8688
4249
9084
7100
5882
5544
9831
1550
7891
243
2965
5203
8649
157
1019
3196
8351
8019
5553
4250
3544
2576
8571
1878
4921
4342
820
1552
1437
7379
2636
5872
1081
2313
2134
3717
7144
9398
6398
6771
3917
8524
6856
5104
6248
4763
1181
4435
9733
3564
9076
6324
5375
6851
4172
4473
4367
6489
79
1750
2779
9857
1496
5308
4441
8954
2203
7925
4824
2527
4113
5101
6519
2212
5238
6105
7715
7187
6916
7569
9232
5213
558
3810
7957
3924
5575
7777
4282
1519
2659
5929
1257
2813
5204
2727
9218
1116
7955
2322
2737
4020
7606
1405
7973
6153
3561
4300
995
8234
609
4788
5519
8371
9950
8820
5084
549
9716
1227
1715
6007
2147
233
6273
9706
767
3968
5423
4907
1933
5436
7668
6604
9979
7183
22
3088
6286
7528
8896
4459
8525
2525
5824
76
8990
8727
9384
598
4116
3254
9468
9099
4711
1474
6267
2877
4877
6883
9537
2189
5711
7514
4582
6067
8344
7046
2829
2873
7230
4661
3798
9048
7347
6405
3027
4093
7995
3638
7458
1442
3444
3817
6697
61
8387
2894
8386
7880
9217
9792
7762
8048
6026
9565
340
3655
6691
2807
6098
5082
9404
1244
1688
8787
6374
7940
5635
4928
1848
2383
6109
2646
6164
748
6613
5231
2828
1182
6101
1139
5952
9266
6818
9524
4559
6925
3237
3979
3757
8495
7201
9846
1305
5183
3949
4255
5403
5267
9465
1992
5957
2996
2915
5912
7119
170
4889
4708
1062
510
3437
1452
2137
4595
5076
9643
9886
9837
6670
5244
5181
9994
6493
9372
9461
7134
3225
3447
9830
1647
8443
8229
4614
4436
3100
1106
4453
1040
958
5420
6871
4025
6619
3341
3494
3747
7869
7015
5830
7701
1020
7062
5632
5777
6296
9097
3446
6855
8667
4734
3074
4051
837
854
3156
8934
2721
9577
5906
2711
8855
7879
7010
1042
2561
6816
4542
7662
5715
2531
2631
3276
4268
9479
861
6813
3406
1695
3173
4779
402
2783
2917
3867
6156
8722
1084
3821
7014
4433
1160
1869
7949
1117
6669
3059
246
337
9686
8812
278
6320
1069
1596
8189
1939
4242
3595
8676
5579
5490
2638
8626
9958
8317
2035
3320
5720
6652
8797
3619
8406
552
5859
5163
3807
1624
5424
8967
4362
4207
4305
3250
2670
4427
270
3820
3524
3128
3070
1548
5098
9502
7337
6141
9053
574
2662
7366
8119
7866
4183
3089
4357
5969
2155
3086
7410
5730
1036
2529
8331
3465
8985
3526
7068
965
3325
8901
5486
4618
7096
5507
8553
7894
5795
11
9240
6266
5439
1288
3751
6457
2362
4608
1893
7989
8819
1240
274
8832
1718
5540
1885
9066
7712
4444
362
1275
560
777
3768
6464
23
9542
2296
3124
7584
3654
966
9982
7987
5499
3935
6002
3066
236
2222
6785
2200
6384
4917
5615
2798
1881
5563
9925
5228
3889
7896
3851
6015
779
2129
7562
1697
529
8957
7964
7445
991
8852
3376
1553
9148
3336
8217
5761
967
7049
179
5068
4216
7090
6580
2514
6440
6516
4897
9142
3176
4423
1014
172
4577
4925
9791
2890
729
1528
3247
905
3238
8863
532
7494
8352
383
3333
6882
5809
2558
8604
4118
8056
2946
2455
7980
1974
1215
9034
1268
4086
6502
489
180
7380
4915
5312
7442
3016
9867
4322
6494
6033
9667
613
8014
8120
6401
8914
6500
4825
2061
7219
2945
1321
9212
9279
165
1298
9669
9618
4028
3541
6971
9533
411
3426
5512
7008
1827
3275
7370
2854
775
3902
9108
6084
3210
1015
3423
5234
7333
1251
2488
7876
3252
7035
9085
5036
2025
8579
9081
1004
2840
5406
9811
5046
320
3115
2851
4851
1356
8770
6122
2835
2982
5844
2113
4500
238
9062
6292
4723
4955
5325
8888
7908
6483
1006
9225
6150
9655
4843
4806
7892
8395
5087
425
1682
659
7508
3120
5699
1001
7596
1230
2380
5660
2748
3783
3030
3434
8807
9604
3701
9992
1670
8619
7561
9045
4431
7435
3492
5701
478
2292
9078
5215
3189
6341
9653
833
8788
7422
4060
6796
4434
9540
7296
2984
6888
4624
3855
4360
6278
5196
5179
2384
2566
9560
3759
123
605
9475
4576
4637
2479
534
7675
4340
7448
9545
8664
1606
404
433
9394
3669
1749
3450
8279
7408
4067
9839
9131
150
2642
5462
975
2436
3743
2266
3292
6215
8813
3845
6557
2869
4638
5925
4684
957
8434
1464
9462
1086
451
3230
1404
2989
3594
3965
9515
1297
9590
9311
1480
4696
4945
9624
4524
8208
8831
9092
7920
641
9495
9222
3503
32
9090
782
5733
1399
8141
9432
4611
7800
8733
4446
9883
5065
1394
5860
4570
6713
8603
6196
7610
2083
2749
4741
7282
2804
7454
1810
4735
8550
5937
8107
8735
7556
1497
538
2082
6538
4599
7698
8915
1643
358
5017
9395
5007
8962
4476
9069
791
7499
3665
2618
2404
6499
978
3799
2811
9891
4108
6460
4937
9491
6107
7689
7716
8144
1723
4371
4879
9228
1299
6473
6203
3284
9899
8584
4601
279
1807
3475
9625
7203
4496
2913
9201
7297
2834
901
2508
5898
3533
4475
886
1623
470
7272
6303
8644
9376
3082
9342
7124
2223
9154
9575
3568
4669
373
3034
7204
5868
9564
5494
6667
2653
103
4822
8986
9670
7441
805
8504
9494
7365
1009
2770
6474
5979
4667
9807
735
8796
5049
9527
976
4610
5456
9348
5734
8719
7369
8131
6598
5053
8681
6848
3208
5461
9497
1103
6720
2543
6787
7741
7895
4344
2440
5390
2785
8961
3384
3718
1222
7781
3297
4466
6053
4891
3896
8156
4553
1104
3536
8551
8021
9511
6832
6407
8922
2600
3449
6290
4702
7727
4076
8091
8388
2792
5803
8241
6452
2288
9399
3200
9455
8685
7998
7324
6862
2986
765
248
7846
3480
9153
1242
9834
3562
3771
8096
8616
3490
9593
5850
8890
2420
680
67
1413
2077
3130
2692
8793
3002
8880
6370
5009
7479
3457
7345
1370
9184
960
3908
9030
1984
1708
5748
5889
9972
5658
8686
1913
7583
3856
2647
7711
9819
2341
1859
6091
9828
8423
3753
6217
8596
582
1594
924
8531
737
6959
1304
2532
1850
7416
5200
7115
345
9192
5705
9119
4714
7929
2328
3134
670
3266
7706
7985
4853
2211
9111
9947
9221
8572
5709
4612
1645
5651
6146
6512
7486
361
2964
7125
208
1057
9933
1446
8022
7406
2063
3987
1325
9690
4620
1027
8610
7032
2672
4581
5118
9169
2916
7199
6251
2796
9117
4826
5201
9299
545
8913
37
4211
3498
3080
1727
3695
7462
9692
1477
4893
6620
4018
6583
4098
6265
5828
4730
2667
9360
4168
1566
7979
2004
2787
4718
4970
1899
8437
1821
8177
6523
3590
4426
9302
1586
952
8367
5955
6640
1537
5322
9534
9480
5608
4529
5356
7198
2458
4967
5399
1438
8415
5152
6220
1973
7969
5240
4120
7771
4310
3272
4866
4158
2764
8266
2535
4206
3357
925
9584
2446
7476
6637
6651
1262
3831
7536
6981
750
5170
1172
9535
6556
3349
6570
5972
6129
2958
6043
5556
9186
1667
3644
169
8988
3605
5078
5187
6024
9000
5097
5414
5453
8710
4157
2855
4178
6312
7467
8906
7308
392
9955
151
8578
1679
5591
9563
185
3068
2320
9797
2452
3144
5031
7307
6574
2159
8987
9663
4233
6683
9521
4969
2773
618
1174
5394
5451
9185
1877
4346
3139
2143
5965
8328
3558
761
9138
6044
7139
666
8030
797
1048
4913
1805
46
1578
8378
2956
5857
400
1918
9666
8267
900
1366
8562
1767
5506
3258
804
9028
2132
4546
9532
8333
5425
2971
2660
308
4813
50
5332
7923
9799
6183
9424
3407
585
5237
3786
5598
8520
2006
7080
189
806
7160
6355
3495
2274
1838
7438
3639
2801
8015
4780
4885
4934
5401
1599
3311
3698
6288
4151
4705
6294
1187
8503
8365
2122
5820
7013
3926
9652
370
4425
6864
8697
1064
5092
2256
630
8994
8308
1237
4370
5033
7351
6612
1536
1493
9825
2161
5588
687
8151
8103
3094
9307
3666
3483
4312
299
2169
5339
389
3497
8574
6337
1742
6558
803
2303
7359
2755
7358
4706
3438
5447
6533
6252
6564
4468
213
7122
5520
1433
621
3348
5079
2911
835
7758
2394
6791
7649
4121
7509
7937
9189
8911
69
5633
4140
5958
8713
3828
4975
6911
7234
9135
4629
8097
4063
6890
1950
1799
7291
4958
2555
9863
2922
5993
253
2227
1886
9790
6054
3178
480
6415
4161
7642
7628
9607
1253
2287
5988
892
6923
8481
8412
1070
9962
106
7385
1783
5682
2993
3548
2839
4043
4152
6614
6622
7523
6038
4692
9129
8242
8424
1882
1794
7679
7099
3442
6173
355
3152
2594
2391
6411
9910
9594
5558
9561
5884
9303
2568
54
4072
9308
4007
4385
7242
321
221
4622
9980
228
2149
8862
5002
9935
4948
356
3954
1619
944
8065
6172
2643
5626
9001
8218
3946
1782
6422
7341
1978
6532
1942
7320
9599
7487
1840
5023
1846
2645
1967
841
4192
4042
4982
4726
2297
9835
9712
1887
7801
1898
1662
3882
8457
1928
4756
5119
6427
2239
7652
6998
7166
2273
7589
9510
4497
1505
4842
2709
6364
7036
5560
7002
1110
8589
9611
8492
6698
6235
3609
3804
4978
8230
5590
9505
3611
706
9467
662
2338
7040
8052
6342
9939
5182
6663
1694
2823
5904
1533
7475
1626
2180
1500
6633
1943
296
7965
1914
7723
1712
942
8321
7838
7835
1383
3499
6692
6181
7563
8849
6224
8602
3923
9800
4248
2797
7669
1087
1266
8455
4376
230
6969
4283
9646
159
2905
1529
5565
8827
7075
3758
8720
5764
7497
4899
6263
7748
8082
2747
4350
9671
5973
3218
576
7303
8830
6001
1107
6647
3472
5654
4415
5358
2247
4015
1128
6722
1896
1443
2280
4952
7381
1335
5567
3067
5188
2992
8250
1421
4353
6169
8397
9685
9120
8275
5073
4101
4278
8970
5224
9227
4712
6396
2014
9042
4266
8337
3529
6010
6161
9635
4295
1028
9931
6416
9282
4210
8873
4802
5501
5440
8089
6319
6419
6020
5732
757
6068
3163
4694
8111
3186
6960
4799
4872
6526
3485
2214
1587
9032
4047
6714
6675
5551
5100
4338
9146
2279
9
146
4235
8769
3441
7363
4387
3400
9918
4586
7432
3604
439
5022
6270
2184
6895
9382
8941
8057
8555
5833
7317
1059
9088
4710
212
7730
6102
7269
616
6236
6996
14
2255
6042
2359
460
8005
8070
6639
2883
675
1478
2991
6414
6019
1302
4456
310
8105
4451
4956
2152
2757
1656
3008
4498
3534
7719
5634
4593
1922
9634
2377
5673
8851
6253
2435
9576
6283
1812
749
2049
8909
128
2904
9571
5838
856
8407
4960
2484
5760
5545
626
3627
1300
6668
2093
5877
2608
5543
1099
6466
6239
5396
2281
4876
426
6708
158
8077
2824
6736
4971
9095
673
7431
4942
7316
4201
578
8413
210
913
6134
4358
4655
9380
6801
1598
1265
1311
9945
3260
1754
8739
9608
7107
1501
5643
3832
9998
2620
5566
8251
2429
9645
5037
3219
3298
3479
2679
3519
5577
7498
1073
734
7405
2973
4454
287
906
365
610
9728
634
2701
5531
2759
8040
5328
3697
2634
6145
6037
9453
3932
8176
4592
2933
6891
5194
4720
386
786
302
5129
8404
7772
4293
4252
8599
7797
2762
9435
497
7327
4551
5610
9223
2661
9940
3496
9757
5569
9591
8146
2331
8466
2156
2910
1267
9871
3645
5587
2891
897
4363
6151
3984
9639
8780
4722
297
5750
1120
5818
3537
6095
769
4001
9823
4944
4167
206
5783
1306
3834
4895
2088
8435
3329
9347
3746
4492
6168
7720
1483
1884
9977
1963
8016
1585
7991
1573
5223
2369
1781
8693
1324
1285
9660
7030
5910
2042
8359
1722
607
2002
2267
2866
6445
91
3159
3299
3368
7031
6192
1824
9411
3915
8983
5220
3794
8892
992
2421
1349
3262
816
1080
515
7504
1376
2789
313
9851
4549
6231
2968
6000
6025
8805
1546
127
3549
4097
785
7005
9529
9198
3636
3618
4411
7533
8534
7503
5995
25
8762
4810
5493
7117
1956
2848
6522
6709
1348
2172
3102
9636
9616
2358
8783
8240
3382
5433
2640
4130
1310
9346
3032
7255
5894
9123
6704
5266
5363
8239
275
2664
697
1680
8104
7646
5518
5770
507
2887
5532
6485
6560
9433
9127
3054
864
6978
6607
9304
5292
2005
7901
8348
7254
7163
1428
5154
6477
4290
9278
6116
4170
7888
6289
7141
2364
4616
8846
5982
2407
1826
41
7604
2008
8032
6659
4325
9199
8438
572
2754
4132
3402
8109
254
2886
3535
4562
1506
1000
4894
8647
209
2100
3160
1987
194
8936
5391
4412
6189
2166
4460
6081
327
9701
5193
2246
6304
6426
9498
7690
8316
7975
6126
6889
2788
7872
5504
6023
8900
8687
3211
5943
3206
8422
9901
5140
9280
5740
9894
9007
6133
2637
6170
184
9483
6665
2940
5458
4512
1093
8374
4963
2847
1947
4962
7848
2426
5983
4757
2389
2998
3050
2202
3905
3583
2782
2612
7478
6602
2177
3018
1224
6484
1488
1358
4892
9779
5290
3192
3098
8776
4983
6208
8586
523
7537
2150
3216
3700
1312
8187
741
1328
1641
9924
9723
8127
1418
6685
4547
3036
5607
602
8130
6728
5411
1558
3296
5909
7206
7205
1912
5593
3936
722
5103
9401
5603
2732
214
1002
1798
5147
7644
9492
4186
430
6828
3101
9180
2901
7950
5131
1934
3037
7137
6330
1811
6115
9133
7570
2422
8058
9518
9981
6504
4857
6881
5656
1414
6631
9015
2039
7258
8801
7792
2924
9902
3509
3417
2548
5622
2744
1661
3259
8623
6438
4602
420
8622
1966
7518
5413
9290
6138
1851
1131
7544
8150
2616
9917
8718
8010
4321
3921
5309
8614
2547
5047
4860
4176
5721
5714
9581
784
759
2216
5174
6679
6628
6279
4035
5678
6585
4324
3044
2780
4687
4092
4765
7383
5168
5513
7009
5407
2282
9765
8085
2353
6806
5942
1044
