5
100
121
120
203
161
931
203
203
377
884
437
323
589
299
527
589
713
133
203
221
391
529
253
667
323
203
551
161
209
551
187
899
133
589
217
361
91
637
713
319
289
77
323
667
341
143
391
493
323
187
551
161
899
713
377
399
931
493
209
299
377
299
310
713
391
589
899
77
899
403
253
221
527
437
169
209
391
527
187
403
589
551
391
667
299
437
119
551
403
161
121
187
169
209
217
377
527
119
91
667
1
100
289
240
667
529
377
833
527
217
341
143
187
589
961
319
551
133
121
152
209
217
667
931
217
91
91
377
77
133
221
589
377
187
289
437
209
299
493
310
589
203
527
391
713
217
539
319
253
247
299
377
361
119
551
203
299
319
527
209
119
133
589
209
391
391
319
319
341
119
841
437
217
841
91
221
667
551
121
319
87
961
341
77
667
323
961
91
49
551
403
551
667
341
217
209
361
323
77
323
119
1
100
247
120
143
209
253
169
323
899
217
483
713
341
341
77
377
529
361
77
247
713
341
667
551
299
253
527
403
77
133
119
527
253
119
667
667
323
551
187
377
143
209
589
247
77
253
527
91
403
133
217
203
143
551
248
121
187
91
527
713
437
713
713
209
221
221
841
133
143
319
209
221
341
713
527
77
161
341
551
77
841
143
341
493
91
493
437
437
361
323
289
361
529
323
391
161
143
187
221
323
1
100
437
300
391
299
209
221
527
319
187
253
437
323
217
119
403
209
209
841
391
323
361
899
323
899
637
589
377
133
961
551
319
527
319
589
377
377
121
133
203
841
551
161
493
319
133
77
493
77
319
133
133
551
323
299
551
323
833
527
437
247
209
187
247
161
899
899
217
299
221
203
217
403
713
57
391
391
377
323
527
529
121
289
377
299
403
203
341
95
221
493
341
437
551
247
143
187
115
551
437
1
100
931
240
319
299
637
253
493
341
49
161
77
187
119
161
403
169
133
247
203
493
299
143
187
377
899
299
91
899
133
253
403
713
377
437
667
209
437
209
91
589
133
667
437
77
667
91
247
437
361
529
527
247
203
91
143
187
319
91
899
841
161
203
529
143
187
253
812
161
377
247
377
493
713
931
551
713
161
667
529
221
253
341
551
138
391
341
49
91
961
209
323
91
161
299
187
289
169
161
221
1
