5
500
988
315
38
899
299
551
319
598
299
646
209
874
638
187
242
437
253
143
187
319
899
437
527
437
578
493
874
221
638
899
136
247
52
494
713
494
116
418
506
527
442
299
338
874
841
638
323
646
374
598
713
646
754
754
289
319
442
46
221
715
899
961
323
713
299
323
529
493
323
209
319
646
62
169
713
437
121
667
187
494
841
638
242
299
323
319
253
286
437
286
638
361
247
493
323
361
722
961
221
418
527
713
403
493
494
418
143
899
667
529
527
551
841
391
418
899
551
143
247
221
377
361
58
221
341
578
319
754
527
754
961
589
391
299
527
319
418
323
722
638
76
377
782
341
551
247
221
323
184
44
884
169
874
667
341
493
121
34
209
874
377
341
986
44
58
391
551
713
286
493
391
551
221
961
289
841
247
667
289
187
221
403
961
682
403
121
187
221
58
247
124
589
676
437
527
377
323
323
589
493
527
638
253
418
806
253
589
184
207
506
638
221
209
323
713
319
722
221
403
418
44
253
62
221
442
377
551
253
341
341
319
221
121
841
247
527
169
806
319
323
299
682
143
338
76
403
748
667
589
403
323
242
782
527
527
646
527
286
187
253
242
527
598
391
247
754
589
748
209
899
299
319
187
713
209
152
782
418
169
782
319
589
169
578
806
836
221
391
187
209
319
361
247
682
341
221
209
374
289
286
209
323
361
403
52
187
299
361
377
341
403
551
442
121
667
418
143
152
319
551
551
143
437
713
299
572
578
247
187
527
986
242
713
121
299
713
551
418
187
494
529
646
403
143
578
289
529
187
667
713
682
253
806
169
209
377
806
209
187
124
493
527
713
527
806
437
493
527
899
143
143
62
551
682
874
598
391
58
143
143
713
169
874
551
187
143
52
527
377
646
247
682
551
377
62
341
221
319
527
58
286
319
493
529
403
121
391
899
116
121
377
62
143
391
143
143
754
341
209
667
493
377
418
169
667
527
209
323
986
299
899
506
754
986
437
589
247
418
589
551
551
121
551
589
341
667
403
961
253
391
874
589
667
121
187
377
121
209
551
988
319
361
377
527
589
34
361
299
403
986
121
589
319
221
551
52
899
403
187
299
377
806
341
899
646
143
319
713
529
289
403
589
187
403
638
374
506
299
836
1
500
133
220
609
667
299
493
819
351
899
578
161
667
741
319
969
493
217
459
377
247
483
437
493
377
667
91
527
527
969
119
147
377
91
87
289
221
39
161
117
391
247
969
57
57
161
667
247
899
391
69
119
161
403
551
377
551
221
91
437
399
667
93
91
493
391
483
713
279
323
493
899
93
361
527
403
437
529
147
95
551
713
551
437
69
91
551
713
51
361
221
841
713
667
299
207
483
217
527
299
897
403
529
207
69
207
133
93
69
841
391
221
483
323
51
221
217
217
377
713
377
93
667
217
667
361
527
399
289
49
391
391
169
87
527
299
961
323
637
289
507
589
819
403
527
361
217
403
961
663
323
207
391
91
713
437
713
589
361
391
667
483
93
69
289
217
203
203
589
221
357
133
299
161
189
273
203
493
493
39
289
589
667
289
377
273
589
391
899
961
357
203
217
841
969
221
663
589
221
529
527
133
91
289
221
403
551
161
513
493
161
589
46
91
289
493
361
119
931
437
299
217
551
377
551
119
169
221
437
589
323
299
323
247
961
51
323
91
147
161
377
377
289
713
527
119
377
667
609
361
667
117
91
713
119
323
161
203
377
377
273
897
39
713
247
713
391
527
899
441
493
713
527
323
323
527
171
961
841
323
527
713
899
667
377
91
247
667
527
819
897
377
261
391
93
133
551
713
713
117
713
663
833
399
899
897
527
161
899
437
69
867
637
87
203
589
93
119
57
589
299
57
931
493
437
713
57
247
551
713
931
119
667
589
119
169
663
819
437
713
63
969
493
529
161
93
667
663
403
377
899
377
247
841
147
161
399
91
361
207
741
323
651
153
69
713
493
507
169
69
93
527
377
741
493
899
69
91
217
713
527
403
217
437
437
343
273
221
69
833
527
299
493
119
91
391
589
93
399
63
391
961
221
93
133
391
87
133
961
357
161
361
651
713
527
841
203
589
217
551
87
87
527
403
713
483
377
507
841
203
377
841
323
69
667
437
247
63
93
961
437
299
663
437
507
69
289
49
391
403
589
589
931
969
833
529
261
91
221
217
403
493
551
221
93
589
713
899
961
841
289
667
247
63
713
57
203
403
87
91
667
399
437
529
361
39
527
171
403
391
713
289
87
203
529
391
897
299
221
361
1
500
493
180
133
253
247
493
161
403
667
221
403
493
169
143
161
133
667
833
247
253
323
77
161
341
187
143
121
667
289
289
299
221
209
323
221
403
253
377
341
551
203
527
253
289
551
169
899
667
203
377
121
323
341
253
323
247
833
589
969
377
589
539
341
299
403
899
551
77
209
77
341
187
493
217
169
403
221
493
713
119
493
961
377
209
247
361
203
143
77
253
899
217
169
203
77
899
161
91
551
589
323
713
391
133
319
493
221
77
713
299
247
161
161
527
133
187
253
209
529
527
361
551
203
253
247
437
247
91
713
247
713
437
203
217
377
247
437
713
203
847
253
319
899
187
403
899
299
77
161
121
391
221
253
361
437
437
209
247
713
133
437
209
961
899
527
299
551
403
319
253
119
527
899
323
377
589
961
187
589
841
161
91
493
847
437
203
437
70
323
493
361
377
247
667
341
391
119
551
121
493
221
217
667
667
841
91
119
403
527
253
209
527
187
391
247
341
403
217
203
931
161
667
209
119
361
289
527
833
343
899
833
119
169
143
713
589
391
961
77
391
187
221
341
341
221
667
187
323
121
169
551
209
961
221
187
527
133
77
493
161
143
899
133
437
247
169
91
527
121
377
403
161
203
551
319
341
713
221
377
253
841
493
161
203
299
143
391
713
391
377
377
209
391
289
589
833
589
299
203
493
77
961
91
529
247
589
341
527
931
403
391
203
253
529
143
217
299
931
341
529
589
899
899
899
437
119
161
161
161
143
527
161
527
217
299
133
361
667
493
121
299
529
187
589
403
391
527
77
247
667
49
403
323
319
319
341
319
143
49
161
361
187
221
713
203
589
833
299
437
253
341
589
49
493
174
203
551
341
527
121
589
667
637
133
961
299
841
589
221
143
391
899
437
361
169
493
133
403
253
209
323
323
361
899
169
221
667
551
143
247
203
493
143
121
437
899
323
341
161
539
361
493
299
667
493
667
403
667
299
899
143
299
161
299
187
833
253
529
133
403
143
119
899
221
437
221
299
187
341
361
187
323
221
289
91
289
247
551
323
133
527
289
437
529
217
403
667
713
539
221
91
713
437
341
77
529
493
161
319
341
203
299
667
931
169
161
667
527
539
247
217
91
437
493
91
403
841
217
143
1
500
247
162
319
529
899
145
119
253
527
155
589
119
667
403
217
133
493
253
551
217
299
203
341
493
493
91
187
437
203
665
253
289
95
187
155
667
551
665
527
935
323
115
667
529
403
221
119
589
299
221
493
391
221
899
209
253
341
77
551
91
323
133
551
667
323
253
391
935
665
323
95
133
595
155
715
529
289
529
161
323
403
289
253
49
143
667
961
133
377
209
527
299
95
209
551
833
247
325
589
833
845
403
455
341
319
437
961
841
595
713
667
403
385
437
155
155
247
437
91
589
527
713
493
361
385
77
385
437
203
551
713
217
217
217
289
187
595
637
539
209
713
493
841
341
403
299
221
143
91
299
713
221
143
95
475
65
161
209
361
85
713
527
119
145
667
145
899
77
253
665
35
899
341
713
187
161
155
341
155
319
899
119
221
145
203
319
667
143
493
667
289
899
319
841
527
77
55
77
527
665
299
63
341
667
403
99
667
323
299
725
715
589
529
319
403
875
77
217
187
403
403
341
253
289
247
169
221
935
299
55
145
493
121
341
55
961
403
341
403
299
319
713
161
589
595
713
221
899
217
589
133
377
169
143
551
847
253
527
203
253
341
121
121
187
85
833
275
589
145
403
323
589
323
341
361
119
527
133
493
589
187
55
841
551
169
247
187
899
551
961
161
161
145
85
91
247
529
551
589
217
95
221
161
221
143
589
713
169
65
539
775
493
121
95
493
575
437
245
187
203
247
361
155
935
385
713
155
187
667
143
91
539
899
91
539
133
713
217
115
289
935
217
319
77
665
341
323
203
493
323
667
437
455
899
551
77
319
319
667
323
91
845
119
133
203
253
551
847
299
361
637
155
155
391
323
77
455
323
85
85
209
155
361
253
253
403
119
961
161
85
527
391
493
665
527
95
85
341
77
551
85
143
527
85
713
209
961
85
833
713
209
221
833
169
961
65
247
203
385
275
713
361
437
425
119
551
589
403
209
377
155
155
55
187
35
841
247
323
341
377
247
187
299
209
203
725
203
713
115
403
713
95
55
391
403
85
77
247
529
391
527
455
77
95
361
221
527
319
319
961
203
299
175
77
361
65
713
667
217
935
77
551
323
247
551
667
253
319
319
341
341
595
187
187
361
161
377
403
437
1
500
841
360
323
169
551
49
899
841
119
143
187
121
377
169
323
121
91
319
899
961
247
713
299
209
361
247
169
119
143
377
341
247
217
221
121
221
221
253
247
578
961
527
221
713
187
551
91
551
253
289
209
319
247
529
217
91
323
377
187
119
323
377
323
319
161
589
589
289
551
341
403
667
493
247
961
161
429
299
437
323
551
391
187
931
841
667
713
539
323
551
841
377
539
221
119
77
527
551
253
247
247
589
341
323
143
961
527
551
377
91
289
551
221
203
209
403
143
143
899
323
209
119
119
121
841
551
91
713
589
527
289
169
319
217
299
589
217
551
437
77
289
323
713
437
161
187
667
217
133
221
143
437
161
91
203
253
319
377
217
143
529
713
847
437
377
209
343
713
403
133
343
91
391
323
667
187
143
589
551
899
169
91
209
247
341
161
437
551
143
551
203
403
361
377
133
899
299
847
529
323
91
77
539
493
551
323
589
77
247
289
961
527
247
961
121
551
589
493
931
133
217
391
217
899
289
527
527
91
527
299
391
341
527
667
899
527
361
391
527
299
637
133
961
143
323
203
323
391
341
899
143
403
323
377
119
289
319
143
143
187
203
161
247
527
221
637
377
77
187
119
91
133
253
539
551
133
253
253
961
377
161
841
551
361
527
221
323
143
247
931
551
77
221
529
357
437
121
391
437
91
143
187
161
899
209
209
247
529
437
299
833
299
841
341
527
589
713
91
299
341
403
187
527
299
247
323
133
589
323
437
203
209
713
143
323
493
133
403
341
589
119
203
77
299
247
377
77
361
713
961
119
217
529
391
529
341
589
91
289
121
667
253
247
217
377
221
247
377
377
377
247
841
437
667
527
253
91
169
713
49
247
899
119
119
847
161
247
319
493
377
161
115
527
119
161
221
77
187
299
119
187
77
589
221
169
143
209
289
403
539
221
403
341
169
119
319
391
841
289
143
217
203
377
403
133
217
341
247
391
713
319
143
217
91
637
377
209
143
119
323
247
299
323
403
437
217
377
289
203
299
551
391
931
361
841
133
377
323
133
161
221
217
143
91
637
187
217
341
377
161
637
77
247
77
169
299
169
92
247
403
91
299
403
437
221
169
161
341
377
343
667
161
403
133
299
529
589
187
289
1
