1
3333332213213213
2332132123121321
1232123321212123
1111222333322111
3332221112312332
1212233213313221
1111222333333333
3333332213213213
2332132123121321
1232123321212123
1111222333322111
3332221112312332
1212233213313221
1111222333333333
3322211322132122
3322211322132122
89
   1   1   1   1   1   1   2   2   3   4   5   6   7   8   9  10
  11   1   1  12  13   1   2  14  15   4  16  17  18  19  20  21
  22  23   1  12  13  24  25  25  15  26  27  28  29  30  20  31
  22  22  22  22  24  24  24  25  25  25  25  29  29  30  30  30
  32  32  32  24  24  24  33  33  33  34  25  35  29  36  36  37
  38  39  38  24  24  40  40  41  33  25  25  35  25  42  42  43
  38  38  38  38  24  24  24  25  25  25  25  25  25  25  25  25
  44  44  44  44  44  44  24  24  45  25  46  47  25  48  49  25
  50  44  44  51  52  44  24  53  54  25  55  56  57  58  59  60
  61  62  44  51  52  63  64  64  54  65  66  67  68  69  59  70
  61  61  61  61  63  63  63  64  64  64  64  68  68  69  69  69
  71  71  71  63  63  63  72  72  72  73  64  74  68  75  75  76
  77  78  77  63  63  79  79  80  72  64  64  74  64  81  81  82
  77  77  77  77  63  63  63  64  64  64  64  64  64  64  64  64
  83  83  63  63  63  84  84  64  85  85  86  64  87  88  89  89
  83  83  63  63  63  84  84  64  85  85  86  64  87  88  89  89
10
  48  53  46  47  55  49  50  37  43  31  34  45  39  41  73  80  67  70  82  76  78  58  65  56  57  66  60  62  21  23  11   9   6   8   7  18  14  16  19  10  17   3  26  28  27   5  87   4  59  88  12  79  75  74  86  81  13  35  20  36  42  40  52  54  51  15  71   2  32  33  83  84  89  29  69  72  68  85  30  61  22  77  38  44   1  24  63  25  64