100
     1        37
     1        58
     1        73
     1        91
     2        69
     3        12
     3        23
     3        63
     3        71
     4        26
     4        36
     4        44
     4        48
     4        71
     4        73
     4        84
     4        97
     5        16
     5        80
     5        91
     6        49
     6        64
     6        77
     6        79
     6        85
     6        98
     7        32
     7        45
     7        65
     8        24
     8        38
     9        33
     9        38
    10        38
    10        40
    10        56
    10        61
    11        16
    11        58
    11        84
    11        96
    12        52
    12        81
    12        87
    13        22
    14        36
    14        42
    14        55
    14        79
    14        89
    14        93
    15        57
    15        62
    15        64
    15        84
    16        33
    17        32
    17        74
    17        80
    17        81
    17        82
    17        92
    18        42
    18        44
    18        59
    18        65
    18        94
    19        21
    19        25
    19        45
    20        39
    20        96
    21        28
    21        44
    21        47
    21        52
    21        56
    22        28
    22        38
    22        39
    22        62
    22        82
    24        69
    24        83
    25        61
    25        65
    26        50
    26        61
    27        88
    28        32
    28        61
    28        81
    28        92
    29        37
    29        88
    30        77
    31        52
    31        79
    32        68
    32        71
    32        92
    33        76
    34        46
    34        60
    34        61
    34        87
    35        36
    35        46
    35        61
    35        95
    36        97
    37        48
    37        76
    37        83
    37        96
    38        60
    39        46
    39        85
    39        94
    39        97
    41        57
    41        62
    42        43
    43        58
    43        94
    43        99
    44        46
    45        49
    45        65
    45        76
    47        77
    48        55
    48        59
    48        89
    49        71
    49        89
    50        55
    51        56
    51        69
    51        86
    52        55
    52        71
    52        73
    54        80
    55        62
    56        63
    56        78
    56        93
    57        60
    57        94
    58        77
    59        84
    59        87
    61        93
    61        95
    62        85
    62        96
    63        77
    63        88
    63        98
    64        83
    64        86
    65        97
    67        70
    67        79
    67        81
    67        87
    67        93
    67        97
    67        99
    68        82
    68        99
    70        71
    70        75
    71        73
    72        99
    73       100
    74        99
    76        83
    77        97
    78        79
    80        85
    82        96
    82        99
    84        89
    85        88
    85        98
    86        93
    86        99
    87        88
    87        97
    88        95
    89        92
    91        94
