50
     1        37
     2         8
     2        10
     2        20
     2        25
     2        43
     4        23
     4        26
     5        21
     5        32
     6        28
     6        36
     7        44
     7        50
     8        12
     8        20
     8        24
     8        47
     8        49
     9        16
     9        19
     9        32
     9        46
    11        31
    11        42
    13        19
    13        34
    13        47
    13        49
    14        19
    14        32
    14        48
    15        24
    15        37
    16        23
    17        26
    17        39
    17        41
    18        23
    20        48
    21        24
    24        33
    24        35
    24        50
    25        26
    25        31
    25        32
    26        36
    26        40
    27        28
    28        48
    30        33
    30        35
    30        45
    30        49
    33        35
    34        48
    35        39
    36        47
    38        43
    42        43
    46        50
