70  50  10
 14 15 17 20 23 30 31 41 45 48    1
  5  7  9 11 14 29 30 37 38 48    1
  8  9 11 22 30 35 36 37 48 50    1
  3 15 19 21 26 34 35 38 40 49    1
  2  5 10 11 22 27 31 32 46 50    2
  4 21 31 34 35 39 40 42 43 45    2
  9 10 11 18 22 24 33 42 45 49    1
  1 15 19 27 28 30 31 33 39 50    2
  2  5  6  7  9 14 15 22 33 45    1
  1  8 10 19 28 29 34 37 38 47    3
  2  7 15 20 23 25 34 43 47 50    2
  7  8 12 23 29 35 40 41 43 44    2
  9 10 19 30 32 35 36 37 42 43    2
  3 12 13 21 32 35 40 42 44 48    3
  4  5  8 10 12 13 16 27 28 48    3
  1  3  7 16 20 21 24 37 39 43    2
 24 25 30 31 34 36 40 43 49 50    1
  6  8  9 23 24 25 27 31 34 42    2
  5 14 16 19 25 27 34 38 44 49    2
  1 10 11 17 19 27 29 32 36 49    2
  7 13 17 19 27 30 33 45 47 49    0
  5  7 10 17 21 23 38 44 45 48    1
 12 13 20 23 25 32 33 35 36 49    3
  2  3  4 12 18 20 23 28 30 38    4
 10 17 18 27 31 35 36 37 38 46    1
  5 12 16 17 21 36 39 44 45 48    2
  1 10 18 24 25 34 40 42 43 50    2
 14 20 27 28 34 36 40 41 43 49    3
  4  5  6  7  9 27 29 35 36 46    3
  3  5 11 20 21 25 31 37 40 45    1
 12 14 16 20 22 23 32 34 43 50    4
  5  6  7 11 13 28 36 37 39 42    1
  1  3 27 28 31 32 41 42 43 48    3
  1  5 10 12 19 21 37 40 41 47    2
 10 12 14 20 21 25 32 33 45 50    3
  3 16 19 20 23 25 27 34 35 44    3
  1  3  6 13 18 19 28 36 37 49    2
  2 22 25 32 35 38 40 44 46 47    3
  6 16 20 21 23 25 26 29 34 49    2
  1  3 12 15 16 20 24 26 33 45    3
  3 10 20 21 25 28 41 45 48 50    2
  2  4  7 15 21 26 32 36 40 45    2
  4 12 17 29 30 34 36 38 47 49    3
 14 17 19 26 30 33 35 37 45 47    0
  3  7  9 14 18 21 30 31 38 42    1
  1  4  5 15 18 25 36 39 42 49    2
  1  2  6 12 13 14 15 22 35 38    2
  3 16 26 30 34 37 39 40 46 47    2
  5 13 16 17 18 29 33 38 44 50    1
  2  3  4 14 16 26 34 39 40 42    2
  1  2  7  8  9 15 29 32 46 49    4
  9 12 26 36 39 42 45 46 48 49    3
  2  7  8  9 10 13 25 29 31 33    1
  1  2 19 20 22 25 28 31 32 41    4
  5 10 13 17 20 23 26 37 39 48    1
  4  5 11 16 19 21 26 28 34 38    3
  6  8  9 14 21 22 29 35 41 50    1
  5 17 19 32 37 38 39 40 41 43    1
  5  8 14 19 21 26 33 35 36 44    1
  3  6  9 30 36 37 43 44 45 49    2
 11 12 16 20 24 30 38 41 43 48    2
  3 10 12 20 25 27 34 35 36 42    3
  9 17 23 28 32 36 37 38 44 48    4
  3  8 10 13 18 19 20 21 38 49    1
  1  2  5 10 17 23 25 39 42 45    1
  3 10 12 13 24 26 29 43 46 47    2
  2  3 10 14 21 22 28 29 42 43    1
  8 12 19 23 35 37 41 42 47 49    1
 17 19 21 30 31 37 39 43 45 49    0
  1  2  5  9 15 17 20 24 28 40    4
1
