100 50 10
9 42 31 35 30 21 22 49 28 32 1
5 17 19 32 44 3 49 50 7 41 3
5 18 50 3 31 10 13 25 32 8 4
22 2 25 48 13 8 49 28 18 14 2
44 10 38 11 12 43 50 40 4 45 2
2 5 43 34 35 45 29 36 11 44 2
40 13 1 44 38 31 24 27 23 7 2
3 19 33 45 25 21 43 18 38 2 2
44 50 48 33 8 47 20 25 22 13 1
7 18 40 49 37 1 44 6 22 33 3
50 18 47 45 1 35 29 9 31 49 2
43 10 1 33 44 24 42 29 45 3 3
15 29 33 45 38 41 2 49 37 47 1
49 8 17 33 14 44 1 21 43 40 2
30 40 34 15 42 46 49 47 17 18 0
44 48 18 8 45 24 27 34 1 47 2
1 17 9 24 7 47 28 32 22 26 3
50 48 40 37 11 5 22 15 1 42 2
16 47 1 27 35 6 5 36 49 4 4
31 22 24 14 12 41 49 16 50 46 0
18 14 41 49 4 46 6 8 20 7 4
33 36 47 6 23 42 16 8 44 5 3
1 2 42 5 37 19 8 13 39 21 4
43 7 30 15 16 37 24 32 28 6 2
39 28 4 3 50 29 23 12 32 38 2
34 33 18 9 45 13 21 23 50 3 2
12 4 49 10 21 14 8 15 39 46 3
31 46 23 10 30 17 11 45 1 50 2
16 26 20 18 47 14 23 17 37 6 1
25 49 8 50 5 16 12 17 19 22 2
13 21 38 14 32 36 6 28 7 2 3
49 5 12 46 40 48 18 39 8 28 2
27 25 16 11 37 1 21 9 12 20 2
29 7 36 30 18 41 38 45 47 35 1
27 42 16 44 48 7 37 43 19 5 2
40 22 50 28 7 23 49 15 43 19 1
38 28 29 24 39 8 48 16 19 1 2
35 28 48 17 11 16 26 42 13 10 1
23 10 22 46 29 35 49 27 21 9 2
13 32 5 36 15 37 42 43 33 34 1
33 39 6 13 20 3 31 26 50 25 2
15 26 16 40 2 37 48 24 30 32 1
47 13 33 9 46 1 3 28 15 41 3
20 39 30 44 50 40 27 48 13 7 1
7 44 18 49 37 26 20 3 10 33 3
47 11 43 6 13 46 17 15 9 37 2
48 1 33 22 14 46 42 31 45 3 2
3 31 26 18 27 41 6 22 33 28 2
9 47 32 50 41 38 14 7 22 44 2
43 39 23 16 41 42 15 38 30 49 0
27 14 28 6 11 5 46 19 30 35 2
11 9 19 13 37 41 22 47 7 12 2
5 43 37 41 30 9 22 40 10 44 3
49 15 45 29 35 13 1 43 42 19 1
34 29 7 50 26 35 23 14 10 32 2
9 20 38 26 41 47 10 25 12 18 2
1 31 46 49 41 37 22 19 16 23 1
25 24 22 16 36 19 28 13 37 3 1
34 41 42 17 27 29 43 5 44 48 1
18 45 15 40 16 8 4 6 35 34 3
38 33 32 9 49 26 4 14 39 42 2
6 37 30 2 21 16 29 23 18 50 2
22 43 36 31 39 16 5 32 19 17 1
39 27 33 40 46 35 37 36 26 30 0
50 15 38 46 4 42 10 22 41 2 3
25 41 49 50 17 19 46 26 2 45 1
37 1 39 16 29 47 12 4 23 50 2
8 39 42 25 35 13 23 40 22 37 1
31 48 18 42 33 39 41 32 10 9 2
8 47 17 20 45 32 41 35 38 25 1
33 13 2 41 9 1 7 35 20 12 4
17 28 4 8 48 5 16 24 25 15 3
26 45 44 30 7 13 43 11 20 12 1
23 11 10 9 2 29 42 38 33 25 3
14 25 27 39 1 19 50 42 43 7 2
33 10 47 40 4 26 11 38 8 1 4
46 3 39 44 40 31 43 30 33 10 2
11 24 22 12 26 6 8 9 47 45 3
24 45 7 41 37 10 33 50 30 22 2
24 30 37 13 7 48 12 33 16 3 2
20 46 19 40 28 12 8 44 11 25 1
41 12 31 20 9 1 44 34 35 18 2
4 41 22 36 47 50 1 40 45 42 2
25 13 15 44 1 21 40 33 41 39 1
47 50 39 27 20 7 5 35 48 32 2
42 11 37 39 29 3 41 35 1 44 2
39 22 37 13 38 8 46 35 24 21 1
50 20 19 3 21 4 42 14 2 36 3
50 47 37 20 9 2 27 49 36 24 2
26 47 49 10 24 42 6 22 29 4 3
37 21 10 1 20 42 47 25 16 46 2
18 4 14 16 44 35 6 30 39 45 2
22 20 24 27 48 21 11 2 26 32 1
36 38 31 15 50 33 13 45 42 41 0
46 41 28 4 10 25 14 34 18 30 2
1 37 9 11 34 43 48 23 24 50 2
28 16 26 35 43 5 32 9 11 21 2
43 26 10 44 24 19 35 7 15 41 2
27 50 3 37 36 17 44 33 35 40 1
2 15 32 25 20 27 48 43 49 4 2
