40  30  10
  2  5  6 14 15 17 21 23 26 29    3
  2 10 11 14 15 17 19 20 25 27    4
  1  2  4  5  9 17 21 22 25 28    2
  1  5  8  9 11 13 15 16 18 29    2
  3  6  9 11 13 16 22 23 27 28    3
  3  4  5  6  9 10 12 18 27 28    4
  3  4  5  7  8 11 14 20 23 26    4
  4  5  7 10 12 13 16 19 23 28    3
  3  5  8 11 12 13 19 22 27 28    2
  1  2  6  8  9 21 22 24 29 30    4
  1  3  7 12 17 18 19 22 28 30    1
  2  3  4  9 12 20 24 26 27 30    4
  5  8 10 11 12 16 22 23 28 29    3
  3  7 12 17 21 22 24 25 26 28    3
  7  9 12 13 14 19 21 24 25 30    3
  4  6  8  9 11 15 19 25 28 29    4
  6 11 15 16 18 19 22 25 26 28    2
  1  2  4  9 12 15 20 25 27 29    4
  3  4 11 12 13 15 25 27 28 29    4
  7  9 10 15 16 17 20 21 24 25    5
  1  6  9 11 17 18 24 25 29 30    4
  5  9 10 12 14 15 22 23 27 28    2
  3  8 10 22 23 24 25 26 27 29    4
  2  4  6  8  9 12 19 22 26 28    2
  1  5  8 12 14 15 23 26 29 30    1
  1  4  5 11 12 19 20 21 25 30    4
  8 10 13 14 17 19 20 21 22 28    3
  2  5  6  7  8 18 19 20 22 24    4
  6  7 12 13 14 16 17 22 27 29    4
  3  7  8 12 16 18 20 21 28 29    4
  8  9 10 12 14 16 17 19 25 26    1
  7  8 13 14 16 17 21 24 26 29    4
  1  2  7 10 17 19 21 25 29 30    4
  2  4  6  7 10 11 19 22 23 25    5
  6  7  9 10 13 17 19 20 21 23    5
  3  6  7  9 13 16 24 26 27 28    4
  3  5  9 14 15 17 18 22 26 30    0
  1  7  9 13 15 17 18 20 25 26    2
  3  7  8  9 12 13 15 18 23 25    1
  7 10 12 14 15 16 17 21 24 28    4
1
