50  50  10
  5 19 20 23 24 35 44 45 47 50    1
  6 10 14 18 21 27 40 44 45 46    0
 12 19 21 32 37 40 42 45 47 50    2
  3  4 14 20 23 41 42 43 45 50    0
  4  7  9 11 23 29 34 40 46 50    2
  2  9 16 25 26 29 42 43 44 46    2
  8  9 20 21 22 29 30 35 41 43    2
  3 12 13 21 22 29 39 40 42 44    1
  7 16 18 24 25 29 32 33 39 49    1
  6 10 14 17 19 28 29 35 37 38    2
  6  7 26 31 33 37 38 39 44 50    3
  1  3  5  6  8 14 25 28 43 49    1
  3  5 10 11 13 15 23 35 47 50    2
  1  2  6  7 20 22 27 35 48 49    1
 10 13 14 16 24 28 31 36 45 50    1
  2  3  7 15 18 27 28 32 44 49    2
  2 14 16 19 21 37 41 43 46 48    1
  3  4  5 25 28 31 38 39 44 50    2
  1 17 18 22 23 25 35 36 42 43    2
  1  2  4 21 24 31 32 37 44 46    3
  1  3  8 11 16 29 34 40 44 50    1
  1  9 13 17 21 24 27 32 35 47    3
  3 10 16 17 28 32 34 43 44 47    3
  1 10 14 24 25 29 30 39 42 45    0
  3 12 17 21 22 23 31 34 38 48    4
  1 10 15 17 20 21 26 28 32 36    4
  1  6 11 13 17 18 22 23 47 49    2
  2  8 10 12 24 28 29 38 47 50    0
  2 17 18 19 22 26 30 35 36 37    4
  5 19 21 34 36 38 40 43 45 47    2
  3  7  8 13 17 20 28 33 37 40    2
  1  9 20 24 27 28 40 44 47 49    1
  3 12 14 16 26 27 36 43 44 47    1
  4 11 21 23 24 29 31 41 44 45    1
  2  4  5  6 22 24 25 28 30 41    2
  2 12 21 23 24 25 30 33 37 45    1
  8 13 20 30 32 37 38 44 46 47    2
  3  6  8 12 22 23 27 37 43 48    2
  5  8 10 15 21 26 34 37 40 49    5
  4  9 12 13 16 21 25 30 42 49    1
  6 10 17 20 23 24 27 44 48 49    1
  4 20 21 22 25 27 28 33 37 47    2
  1  4  7  9 10 22 27 28 37 40    3
  3  5  9 13 16 19 20 25 43 49    2
  1  3 13 17 33 35 37 41 42 48    2
  5  9 17 22 24 25 34 39 40 50    5
  1  6 15 26 28 32 34 36 37 48    5
  1  7 11 27 32 33 40 41 46 49    1
  9 19 20 22 26 31 32 36 44 45    5
  5 14 15 30 33 37 38 44 46 50    3
1
