90  50  10
  1 16 17 18 21 26 28 30 46 48    2
  1  5  6 11 14 25 39 40 41 46    3
  6 13 22 24 25 32 34 35 38 39    3
  4  7 17 26 28 38 42 43 44 48    0
  1  4  6  9 11 24 32 36 40 45    2
  1 10 22 27 31 36 38 39 42 45    0
  2  3 10 14 23 33 34 40 41 48    2
  1  2 15 24 28 31 32 40 42 45    1
  9 10 11 16 17 26 27 30 37 45    2
  2  4  6 10 14 20 22 35 41 47    2
  7 11 18 20 27 33 34 42 46 47    1
  5  7 11 12 14 23 33 39 44 49    2
 10 12 18 19 20 21 23 26 27 36    2
  5  7  8 13 16 24 33 37 46 47    3
  4 11 15 20 23 30 33 36 44 49    1
  4  5 10 18 19 27 34 38 40 50    1
  2  4  6 19 22 27 33 37 40 44    2
 12 19 21 22 28 34 35 36 38 47    0
  1  4 11 17 18 26 33 36 40 50    1
 18 20 21 25 26 29 30 37 40 41    4
  3 25 26 30 36 37 40 41 45 50    2
  1  2  9 13 17 24 41 42 46 49    0
  3 21 23 24 26 27 30 45 48 49    1
  6  7  9 11 12 14 18 21 35 39    3
  3 10 15 24 26 28 34 38 39 40    0
  3  4  5  9 16 21 23 34 39 46    2
 12 20 21 23 24 30 31 33 46 47    1
  4 10 14 15 17 20 23 33 48 50    2
  2 12 13 20 30 32 38 40 42 46    1
  4 10 14 18 24 32 33 34 38 41    3
  1  4  5 10 21 25 28 33 35 40    1
  2  7  9 17 19 25 27 28 47 49    1
  8 11 15 23 26 34 35 38 41 50    2
  4  8  9 24 34 37 41 44 46 48    2
  7  8 14 20 25 29 34 41 42 45    4
  9 10 13 23 29 30 31 35 36 37    3
  2 16 21 27 30 34 46 48 49 50    1
 15 18 19 20 23 24 25 28 34 50    3
  8 20 21 32 33 40 41 43 49 50    2
  6 13 17 25 29 43 45 47 48 50    3
  5  8  9 19 23 30 35 46 48 49    2
  2  3  6  9 15 22 34 37 44 49    2
  6  7 17 18 19 26 36 40 45 49    2
  2  4 15 19 25 27 32 35 40 46    2
  4  5 13 14 22 23 26 28 30 46    2
  2  4 10 18 19 20 24 36 38 44    1
  4 11 14 16 22 27 29 31 43 44    3
  1  5  6  8 13 23 26 27 31 45    3
  2  6  7  8 14 16 19 22 44 45    4
  1  6  8 11 13 15 21 26 29 33    3
  5  7  9 11 13 14 18 27 32 36    3
  1  4  6  7 21 31 35 38 39 47    1
  3  4 19 22 23 26 32 44 48 49    2
  5 12 13 17 18 21 23 29 41 48    3
 14 16 23 24 25 28 29 33 41 43    5
  2 12 14 17 23 29 34 38 44 50    3
  4 21 24 31 38 39 44 46 47 49    0
  2  6 12 21 22 25 32 33 37 46    4
 13 14 18 21 24 25 29 31 35 42    4
  6 12 15 17 19 21 25 27 31 42    2
  8 11 12 15 26 35 38 39 47 50    1
  5  7 12 14 18 20 22 26 43 44    2
  2  5  9 11 13 17 21 24 28 30    0
  7 11 12 14 18 23 28 36 37 49    4
  4 19 25 26 29 41 42 43 48 50    2
  7 11 13 19 28 32 36 39 43 48    1
  2  8 17 27 30 33 35 39 41 47    1
  5 25 26 27 29 34 35 40 44 45    2
  3  5 14 23 24 27 30 33 39 43    2
 23 25 31 37 38 40 42 44 46 48    3
  1  2  6 10 16 17 18 26 42 46    3
  3  4 23 24 26 32 34 41 46 47    2
  1  2 11 12 17 24 27 28 29 49    1
  3  9 20 23 24 25 31 39 42 44    2
  5  9 13 15 23 27 33 37 45 50    2
 11 12 28 32 41 43 44 45 47 49    1
  2  4 12 15 18 21 25 36 37 42    3
  3 17 18 23 26 28 44 45 46 49    2
  4 10 13 16 20 23 28 38 43 45    2
  7 10 19 29 30 32 35 38 40 41    2
 20 21 26 37 38 39 42 47 48 50    1
 10 13 17 22 26 35 39 46 49 50    0
  6  8  9 11 14 19 27 28 38 40    3
  1  2  3 20 25 26 28 33 41 50    1
  1 12 14 16 21 25 29 42 44 45    4
  1  4  6 11 13 17 25 27 39 44    2
  8  9 10 16 22 27 30 33 40 44    2
 10 11 14 18 19 25 29 36 46 49    4
  1  2  6 11 15 21 22 24 31 45    1
  3  8 10 28 29 41 42 44 47 50    2
1
