30  20  8
  1  6  7  9 13 15 18 19    4
  2  5  7  8 10 11 12 14    2
  2  4  8  9 10 18 19 20    3
  6  9 10 13 14 16 17 20    4
  1  3  6  9 11 13 16 17    4
  1  6  7  9 11 12 16 18    5
  2  4  6  7  8 15 16 18    4
  2  6  9 10 13 17 18 20    3
  2  4  5  8 10 12 17 19    3
  1  2  4  5  9 12 16 18    5
  1  2  4  7  9 14 18 19    3
  3  7  9 11 12 13 18 19    2
  2  3  7  9 10 13 14 19    2
  1  2  3  6  7 11 14 18    2
  7  9 10 13 15 18 19 20    3
  1  2  5  7  8 12 13 18    2
  6  8  9 11 14 16 17 19    3
  1  2  3  5  7 11 12 20    2
  1  3  9 11 12 15 17 19    4
  6  8  9 10 12 13 14 16    5
  2  3  4  5 11 13 15 18    2
  4  9 10 12 13 14 17 19    4
  2  9 10 14 15 17 18 19    3
  1  2  7 11 13 16 18 20    2
  1  3  6  7 10 11 17 20    3
  1  2  5  6 10 13 15 17    4
  3  5  6  7  9 10 14 15    4
  1  2  6  8  9 13 14 18    3
  1  2  3  8 11 12 17 20    2
  1  4  7  8 14 16 17 18    3
1
