60  50  10
  9 13 21 22 29 32 35 39 42 45    1
  1  6  9 14 19 25 37 38 39 48    3
  2  5  6  8 16 29 37 44 45 50    1
  3  5  8 15 26 32 37 39 47 49    4
  8 19 21 30 31 32 39 42 43 50    1
  1  7 16 26 28 29 35 37 42 43    2
  4 11 19 21 22 34 37 40 41 50    2
  6 17 18 19 20 22 36 42 48 49    0
  1 16 22 25 27 30 34 38 42 44    2
  2  4 16 21 27 30 34 35 37 50    1
  5  7  8 14 16 20 22 30 32 45    2
  4  5  6 15 16 19 26 29 40 50    3
  3  8 10 11 12 15 16 34 35 48    4
  6 10 15 21 24 26 28 31 32 36    3
  3  6  8 25 29 31 38 43 45 49    1
  3  6 10 11 13 24 27 29 35 38    2
  3  5 13 14 19 21 22 36 46 49    2
  7  9 15 18 21 25 35 42 47 48    1
  6  8 13 14 15 20 23 39 41 44    3
 20 21 24 27 32 38 39 44 45 48    2
  1  9 13 15 18 20 26 37 42 48    2
  1  4  7 12 29 33 40 43 45 47    1
  1 12 21 30 33 41 42 45 49 50    1
  2 11 17 24 25 32 37 39 47 50    2
  4 10 16 22 24 26 37 38 45 47    2
  1  4 11 15 16 25 30 38 43 48    3
  1 10 16 21 22 27 41 43 44 50    0
  8  9 18 22 23 27 31 37 45 46    0
  1  4 13 16 18 23 30 34 44 45    1
  4  8  9 16 18 20 21 25 32 46    0
  1  6  8  9 11 21 27 32 34 35    2
  5  9 16 21 28 33 37 38 43 48    3
 14 15 19 20 22 28 29 30 41 43    3
  7  8 18 21 27 29 34 41 44 49    1
  1  2 12 15 21 31 33 45 47 49    2
  3  4 10 12 14 24 27 35 39 50    3
  7 11 12 17 20 25 39 42 45 47    3
  5  7 14 15 16 18 25 33 45 50    3
 20 24 27 28 36 38 42 46 47 50    2
  6  9 11 15 20 21 22 23 28 36    3
  4 12 17 32 36 41 45 47 49 50    1
  8 23 25 31 37 41 43 44 48 50    0
 13 14 15 18 23 25 29 30 38 50    3
 12 18 22 27 35 37 40 42 48 50    1
 14 17 21 23 25 33 35 36 37 47    1
 10 13 18 24 25 26 41 42 47 48    1
  5  8 16 20 25 32 37 43 46 49    1
  1  9 13 15 16 27 28 41 46 49    2
  3 11 14 18 23 24 37 40 42 49    2
  4  6  8  9 11 23 24 25 32 46    1
  4  7 10 12 23 24 25 27 34 36    2
  4 14 18 26 27 31 36 37 47 50    2
  1  2  8 11 12 32 36 38 48 50    3
 13 15 16 17 23 31 37 38 47 49    2
 10 11 12 16 18 22 26 29 30 39    4
  4  5 10 17 22 28 32 33 36 39    3
  3  8  9 13 14 31 32 33 43 47    1
  3  5 16 22 28 30 34 38 43 46    4
  4  8 13 16 20 27 29 30 31 35    0
  4  5  6 30 31 32 38 39 43 46    3
1
