80  50  10
  3  7 15 16 18 21 27 30 43 47    2
 10 11 12 16 28 35 38 40 47 49    1
  6  7 15 29 35 36 37 38 43 46    3
  6 11 13 16 20 28 31 32 36 42    0
  6 11 15 22 24 27 29 30 34 48    3
 10 13 15 16 19 20 43 46 48 49    1
  4  9 10 20 26 27 29 34 40 46    1
  2  5  9 11 25 31 33 43 45 49    3
  3  7 10 19 23 25 26 28 30 40    1
  8 14 19 22 23 24 30 33 41 50    3
  5 15 16 27 28 30 33 34 42 46    2
  6  9 10 22 28 31 36 37 38 46    3
  1  8 16 21 22 24 30 31 36 42    3
  1  5 11 12 13 25 34 35 41 43    2
  4  7 12 34 35 43 44 45 47 49    3
  9 13 17 18 20 21 24 25 26 47    0
  3  5 10 11 30 37 42 43 49 50    3
  8 10 15 26 28 31 33 35 38 39    3
  1 19 25 28 35 37 43 47 48 49    2
 16 17 20 21 24 31 36 38 43 48    2
  2  5  6  7  8 25 27 29 31 40    2
  6 13 20 21 22 24 25 41 47 50    1
 14 16 26 27 28 30 34 36 39 43    4
  2  5  6 13 20 24 25 29 30 48    2
  1 19 20 23 28 29 38 42 43 48    2
  5  6  7  9 10 14 24 32 41 46    0
  1  3 11 12 14 17 21 39 45 49    2
  1  2  8 13 20 28 30 32 45 47    4
  5  8  9 11 13 33 37 38 42 47    3
 13 16 19 20 25 31 32 33 36 39    1
  4  6 17 19 21 26 35 37 38 44    2
  6  9 10 12 14 17 19 27 34 35    1
  1 11 12 22 23 24 28 31 35 39    2
  1  7  8 14 16 24 29 42 45 50    2
  1  8 12 14 18 19 37 43 48 49    3
  2  6 10 26 28 31 38 41 48 49    2
 11 14 19 23 24 28 29 30 33 49    1
  3  8 16 20 21 22 24 31 33 37    3
  1  5 10 12 16 21 22 34 48 50    2
  2  3  9 18 26 34 38 43 46 47    4
  3  8  9 16 24 42 45 47 48 49    2
  8 14 15 17 19 24 26 40 46 47    1
 17 19 23 26 28 29 35 42 44 50    0
  2  3  4 11 17 18 22 24 31 43    3
  6 15 20 25 29 33 35 39 40 46    1
  3 11 15 27 31 35 39 42 43 45    3
  4  6  9 19 23 29 38 42 44 48    1
  9 14 17 23 24 27 28 30 38 48    2
  1  5 21 27 35 37 39 40 43 46    3
  4  8 12 15 17 28 29 30 35 45    3
  8  9 12 13 22 31 35 42 44 48    2
  9 20 29 31 33 41 42 43 45 46    2
  1  2 13 14 15 20 22 23 35 47    2
  3  8 20 22 23 25 27 29 35 41    2
  2  3 16 19 20 22 25 27 47 48    2
  2  4 11 16 25 36 37 44 47 49    2
  1  7 14 17 18 30 38 45 47 50    3
  2 10 15 28 33 34 36 40 44 45    3
  2  7 10 22 27 33 35 42 45 46    3
  2 10 15 25 26 28 40 44 45 46    2
  9 18 21 24 31 33 42 43 47 48    1
  7 10 11 14 20 21 24 25 26 27    0
  7  8  9 13 18 24 26 40 42 48    1
  1  6 10 18 23 24 26 27 30 42    1
  3  5  6 10 11 26 28 32 37 47    1
  3  8 12 16 22 25 26 38 40 41    3
  3 10 23 26 30 37 38 40 41 44    3
  4 12 14 16 18 20 31 41 47 48    0
  3  7  9 13 15 16 26 35 37 49    1
  1  2  3  4  7  9 14 25 26 42    1
  6  9 11 13 14 16 23 24 29 46    0
  6  7  8 11 13 14 37 41 42 47    2
  5 13 17 21 24 27 30 32 33 41    1
  3  5 17 21 22 25 29 34 39 43    4
  6 16 20 31 34 35 36 41 47 49    1
  1  5 13 15 26 27 29 42 44 47    0
 13 16 19 22 26 28 31 35 42 49    1
  8 13 16 18 20 24 27 38 40 49    2
  1  5 15 22 23 25 32 37 38 44    3
  6 17 21 23 30 31 36 40 44 46    1
1
