100  50  10
  6  7 13 16 17 23 32 35 42 50    4
  2  5  6 12 14 19 35 41 43 45    1
  8 10 12 30 31 35 43 44 46 47    2
  4  5  7  8 13 25 26 38 43 44    1
  1 12 15 18 30 34 35 44 47 50    2
  2 11 16 24 26 29 38 42 44 46    4
  3 10 19 21 22 28 33 35 38 45    2
  1  2  5  9 12 16 26 34 36 44    2
 12 14 17 34 38 39 44 45 47 49    0
  2 10 12 14 17 19 25 32 33 37    2
  2  4  5  8 10 13 16 19 25 33    4
 16 19 20 21 24 26 27 37 43 47    2
  1  9 10 13 17 22 23 25 32 49    2
  6 12 13 20 21 29 30 40 43 47    1
  8  9 12 17 21 23 25 28 30 45    2
  1  3 11 14 34 35 42 44 48 50    3
  6 15 18 20 24 33 39 41 42 49    3
 15 17 22 29 33 34 35 43 45 46    1
  2  6 11 24 26 38 44 46 47 49    2
  6 10 16 20 25 28 29 35 42 49    3
 11 23 25 32 36 40 41 44 47 48    2
  2  8  9 10 26 29 33 40 43 44    2
  2 13 18 22 24 26 33 43 44 47    2
  6  7 18 19 23 30 33 35 36 39    3
  3  7  8 13 25 30 39 41 46 48    1
  7 11 15 16 21 25 38 39 48 49    2
  1  4  5  6  7 14 18 37 48 49    1
  4  5  7 22 24 29 30 33 43 45    4
  2  5 11 12 26 31 37 43 46 50    3
  8 11 23 25 28 29 36 46 49 50    3
  8 15 17 18 38 42 45 46 47 48    1
  3  4  8  9 28 31 35 36 45 50    1
  1  6  9 22 25 27 32 34 42 49    1
  6 11 15 17 19 20 33 40 48 49    2
  5  7 22 23 27 35 42 46 47 50    4
  1  5 13 16 19 22 30 33 39 49    4
  4 11 12 20 21 30 31 35 37 48    2
  2  3  5 10 21 22 32 37 40 44    2
  3 15 16 17 19 24 35 41 44 48    2
  1  4 10 15 27 31 36 37 39 43    1
  3  6  8 13 29 31 34 38 44 46    0
  1  3  6  8 12 15 20 21 33 45    1
  3  5  7  8 17 23 32 36 47 48    2
  4  7 11 18 19 25 30 34 38 47    2
  1  6  9 17 28 32 33 40 41 46    1
 10 12 23 26 27 28 30 36 37 46    3
  6 11 16 20 21 22 31 36 45 46    2
  5  9 13 15 20 22 24 34 38 39    2
  6  8 19 25 30 31 36 39 42 47    2
  1 10 13 14 16 18 31 32 36 39    2
  1  3 11 12 29 35 39 40 41 45    1
  2  8 10 11 12 13 29 38 42 50    4
  1 10 13 15 16 20 26 28 30 38    3
  2  4  8 12 14 17 21 39 42 44    1
  1  2  3 24 29 34 38 43 46 48    1
  4  5  7  8 11 13 18 29 32 38    2
  4  5  7 11 13 29 32 38 44 50    3
  4 17 19 20 34 37 39 43 44 47    0
  1  7  8 11 19 22 23 26 31 46    2
  2  3  4  8 13 18 31 33 37 41    1
  2  9 22 28 36 38 43 44 49 50    1
  2  4 12 15 17 18 26 28 37 39    0
  2 12 14 15 21 22 23 36 37 47    1
  9 16 17 19 30 33 34 35 41 46    3
  5 11 12 13 19 25 32 36 43 44    2
  1  4 11 12 13 29 34 35 45 48    1
  2  7 15 17 25 30 39 40 41 49    1
  8 17 25 29 34 39 40 42 45 49    1
 13 22 25 26 28 31 37 44 45 49    0
  7  9 12 13 20 22 24 26 37 50    2
  2  4  6  7 13 20 24 38 42 50    3
 13 14 17 18 29 31 36 37 47 50    1
  2  6  7 12 14 32 34 40 43 44    0
  4  7  8 12 16 17 30 34 47 48    2
  7 13 19 22 23 30 36 42 45 46    3
  3 10 18 29 34 35 40 42 44 49    2
  1 13 19 21 36 39 42 44 46 48    1
 15 20 22 27 35 36 39 45 46 47    0
  4  6  8  9 24 32 35 39 40 49    1
 19 20 27 31 35 36 40 41 45 48    0
  1  7  8 12 18 25 42 45 48 50    2
  8 15 18 31 32 34 36 39 43 49    0
  5  9 10 12 13 26 29 31 36 42    3
  3  4 26 28 29 30 40 42 43 49    2
  7 15 16 19 21 25 29 31 37 45    1
  5  6 14 16 18 23 37 41 43 49    3
  7  9 24 28 29 30 31 38 40 48    2
 10 14 17 20 23 34 36 42 45 46    3
  3  7 12 18 33 35 36 38 47 48    1
  7 13 15 18 24 28 34 35 39 42    2
  6  7  9 20 23 25 28 29 44 48    1
  2  7 11 12 27 34 35 39 45 50    2
  3  7  9 18 19 31 32 38 44 45    0
  6  7 24 30 33 34 37 40 43 49    3
  4 12 18 22 23 29 32 36 40 42    2
  9 15 19 28 32 36 42 43 44 48    1
  4  5 19 32 33 37 41 42 43 45    3
  2  6  9 21 38 41 44 46 47 48    0
  2  8 14 17 21 22 31 40 43 46    0
  3  7 21 25 27 30 32 38 49 50    2
1
